0.00000000099999999983 0.01512907126361404987 0.00000000099999999983 0.04009929282849815368 0.00000000099999999983 0.06574234013447013969 0.10977959135704698501 0.00000000099999999983 0.76924969941637066917 0.00000000099999999983 
0.00000000099999999974 0.00000000099999999974 0.00000000099999999974 0.04937198133491123297 0.00000000099999999974 0.14504529656387421532 0.03313408078424714270 0.00000000099999999974 0.77244863531696728032 0.00000000099999999974 
0.00000000099999999828 0.00000000099999999828 0.00000000099999999828 0.00000000099999999828 0.00000000099999999828 0.99999999099999992147 0.00000000099999999828 0.00000000099999999828 0.00000000099999999828 0.00000000099999999828 
0.00000000099999999828 0.00000000099999999828 0.00000000099999999828 0.00000000099999999828 0.00000000099999999828 0.99999999100000003249 0.00000000099999999828 0.00000000099999999828 0.00000000099999999828 0.00000000099999999828 
0.00000000099999999887 0.00000000099999999887 0.00000000099999999887 0.00000000099999999887 0.00000000099999999887 0.99999999100000003249 0.00000000099999999887 0.00000000099999999887 0.00000000099999999887 0.00000000099999999887 
0.00000000099999999984 0.00000000099999999984 0.00000000099999999984 0.09985003182008948819 0.00000000099999999984 0.08611943648725972622 0.10547006878424228238 0.00000000099999999984 0.70856045690840829820 0.00000000099999999984 
0.00000000099999999839 0.00000000099999999839 0.00000000099999999839 0.00000000099999999839 0.00000000099999999839 0.99999999099999992147 0.00000000099999999839 0.00000000099999999839 0.00000000099999999839 0.00000000099999999839 
0.00000000099999999914 0.00000000099999999914 0.00000000099999999914 0.00000000099999999914 0.00000000099999999914 0.99999999100000003249 0.00000000099999999914 0.00000000099999999914 0.00000000099999999914 0.00000000099999999914 
0.00000000099999999958 0.00000000099999999958 0.00000000099999999958 0.00000000099999999958 0.00000000099999999958 0.00000000099999999958 0.00000000099999999958 0.00000000099999999958 0.99999999100000003249 0.00000000099999999958 
0.00000000099999999949 0.00000000099999999949 0.00000000099999999949 0.00000000099999999949 0.00000000099999999949 0.00000000099999999949 0.00000000099999999949 0.00000000099999999949 0.99999999099999992147 0.00000000099999999949 
0.00000000099999999979 0.00000000099999999979 0.00000000099999999979 0.04357611203104834463 0.00000000099999999979 0.00106857693954776046 0.00000000099999999979 0.00000000099999999979 0.95535530402940382899 0.00000000099999999979 
0.00000000099999999980 0.00000000099999999980 0.00000000099999999980 0.00000000099999999980 0.00000000099999999980 0.09884133070561591794 0.16602612338717087637 0.00000000099999999980 0.73513253890721319550 0.00000000099999999980 
0.00000000099999999867 0.00000000099999999867 0.00000000099999999867 0.00000000099999999867 0.00000000099999999867 0.00000000099999999867 0.99999999099999981045 0.00000000099999999867 0.00000000099999999867 0.00000000099999999867 
0.00000000099999999865 0.00000000099999999865 0.00000000099999999865 0.00000000099999999865 0.00000000099999999865 0.00000000099999999865 0.99999999099999992147 0.00000000099999999865 0.00000000099999999865 0.00000000099999999865 
0.00000000099999999864 0.00000000099999999864 0.00000000099999999864 0.00000000099999999864 0.00000000099999999864 0.00000000099999999864 0.99999999099999981045 0.00000000099999999864 0.00000000099999999864 0.00000000099999999864 
0.00000000099999999894 0.00000000099999999894 0.00000000099999999894 0.00000000099999999894 0.00000000099999999894 0.00000000099999999894 0.99999999099999992147 0.00000000099999999894 0.00000000099999999894 0.00000000099999999894 
0.00000000099999999895 0.00000000099999999895 0.00000000099999999895 0.00000000099999999895 0.00000000099999999895 0.00000000099999999895 0.99999999099999981045 0.00000000099999999895 0.00000000099999999895 0.00000000099999999895 
0.00000000099999999894 0.00000000099999999894 0.00000000099999999894 0.00000000099999999894 0.00000000099999999894 0.00000000099999999894 0.99999999099999992147 0.00000000099999999894 0.00000000099999999894 0.00000000099999999894 
0.00000000099999999855 0.00000000099999999855 0.00000000099999999855 0.99999999099999992147 0.00000000099999999855 0.00000000099999999855 0.00000000099999999855 0.00000000099999999855 0.00000000099999999855 0.00000000099999999855 
0.00000000099999999848 0.00000000099999999848 0.00000000099999999848 0.99999999099999992147 0.00000000099999999848 0.00000000099999999848 0.00000000099999999848 0.00000000099999999848 0.00000000099999999848 0.00000000099999999848 
0.00000000099999999850 0.00000000099999999850 0.00000000099999999850 0.99999999099999992147 0.00000000099999999850 0.00000000099999999850 0.00000000099999999850 0.00000000099999999850 0.00000000099999999850 0.00000000099999999850 
0.00000000099999999850 0.00000000099999999850 0.00000000099999999850 0.99999999100000003249 0.00000000099999999850 0.00000000099999999850 0.00000000099999999850 0.00000000099999999850 0.00000000099999999850 0.00000000099999999850 
0.00000000099999999849 0.00000000099999999849 0.00000000099999999849 0.99999999099999992147 0.00000000099999999849 0.00000000099999999849 0.00000000099999999849 0.00000000099999999849 0.00000000099999999849 0.00000000099999999849 
0.00000000099999999865 0.00000000099999999865 0.00000000099999999865 0.00000000099999999865 0.00000000099999999865 0.00000000099999999865 0.99999999099999981045 0.00000000099999999865 0.00000000099999999865 0.00000000099999999865 
0.00000000099999999874 0.00000000099999999874 0.00000000099999999874 0.00000000099999999874 0.00000000099999999874 0.00000000099999999874 0.99999999099999992147 0.00000000099999999874 0.00000000099999999874 0.00000000099999999874 
0.00000000099999999878 0.00000000099999999878 0.00000000099999999878 0.00000000099999999878 0.00000000099999999878 0.00000000099999999878 0.99999999099999992147 0.00000000099999999878 0.00000000099999999878 0.00000000099999999878 
0.00000000099999999949 0.00000000099999999949 0.00000000099999999949 0.00000000099999999949 0.00000000099999999949 0.00000000099999999949 0.99999999099999992147 0.00000000099999999949 0.00000000099999999949 0.00000000099999999949 
0.00000000099999999916 0.00000000099999999916 0.00000000099999999916 0.00000000099999999916 0.00000000099999999916 0.00000000099999999916 0.99999999099999992147 0.00000000099999999916 0.00000000099999999916 0.00000000099999999916 
0.00000000099999999950 0.00000000099999999950 0.00000000099999999950 0.00000000099999999950 0.00000000099999999950 0.08363107407418911288 0.91636891792581098848 0.00000000099999999950 0.00000000099999999950 0.00000000099999999950 
0.00000000099999999975 0.00000000099999999975 0.00000000099999999975 0.00000000099999999975 0.00000000099999999975 0.11347481929721608962 0.80661394210363090984 0.00000000099999999975 0.07991123159915296259 0.00000000099999999975 
0.00000000099999999971 0.00000000099999999971 0.00000000099999999971 0.05627231135812665874 0.00000000099999999971 0.14712876419589512866 0.01295679701194329785 0.00000000099999999971 0.78364212143403499944 0.00000000099999999971 
0.00000000099999999972 0.00000000099999999972 0.00000000099999999972 0.00000000099999999972 0.00000000099999999972 0.30254995802003448180 0.00005928483333073474 0.00000000099999999972 0.69739075014663476360 0.00000000099999999972 
0.00000000099999999977 0.00000000099999999977 0.00000000099999999977 0.01385307816654079462 0.00000000099999999977 0.21358683470287506689 0.04721399585539853144 0.00000000099999999977 0.72534608527518562582 0.00000000099999999977 
0.00000000099999999981 0.00000000099999999981 0.00000000099999999981 0.00000000099999999981 0.00000000099999999981 0.04214216736340872099 0.10194316566148253766 0.00000000099999999981 0.85591465997510873809 0.00000000099999999981 
0.00000000099999999976 0.00000000099999999976 0.00000000099999999976 0.01183046662361149880 0.00000000099999999976 0.04737941342803712180 0.04673479296041262859 0.00000000099999999976 0.89405532098793871754 0.00000000099999999976 
0.01576736981554645312 0.00000000099999999981 0.00000000099999999981 0.03335047740260849852 0.00000000099999999981 0.06585833812153908673 0.19093957038651132585 0.00000000099999999981 0.69408423927379458984 0.00000000099999999981 
0.00000000099999999984 0.00000000099999999984 0.00000000099999999984 0.04533071271864501373 0.00000000099999999984 0.06975976104437944803 0.05553091097488218469 0.00000000099999999984 0.82937860926209316936 0.00000000099999999984 
0.00000000099999999974 0.00000000099999999974 0.00000000099999999974 0.03129422187471072453 0.00000000099999999974 0.30030630481655345987 0.05153253453839898995 0.00000000099999999974 0.61686693277033666227 0.00000000099999999974 
0.00000000099999999920 0.00000000099999999920 0.00000000099999999920 0.00000000099999999920 0.00000000099999999920 0.99999999100000003249 0.00000000099999999920 0.00000000099999999920 0.00000000099999999920 0.00000000099999999920 
0.00000000099999999965 0.00000000099999999965 0.00000000099999999965 0.00000000099999999965 0.00000000099999999965 0.12708132165692739846 0.08848166904218397744 0.00000000099999999965 0.78443700230088853065 0.00000000099999999965 
0.00000000099999999971 0.00000000099999999971 0.00000000099999999971 0.03265689415405242241 0.00000000099999999971 0.18025599238753722831 0.00000372494036320713 0.00000000099999999971 0.78708338251804699226 0.00000000099999999971 
0.00000000099999999977 0.00000000099999999977 0.00000000099999999977 0.00000000099999999977 0.00000000099999999977 0.21465408394193793984 0.00348196975649196988 0.00000000099999999977 0.78186393930156994347 0.00000000099999999977 
0.00000000099999999973 0.00000000099999999973 0.00000000099999999973 0.04586657206665266384 0.00000000099999999973 0.18177761144430037987 0.05226130577446191222 0.00000000099999999973 0.72009450471458502641 0.00000000099999999973 
0.00000000099999999977 0.00000000099999999977 0.00000000099999999977 0.05120378407054752140 0.00000000099999999977 0.08956295601950756136 0.00000000099999999977 0.00000000099999999977 0.85923325290994490011 0.00000000099999999977 
0.00000000099999999968 0.00000000099999999968 0.00000000099999999968 0.00208910206092533489 0.00000000099999999968 0.30001725824931119169 0.00000000099999999968 0.00000000099999999968 0.69789363268976334354 0.00000000099999999968 
0.00000000099999999978 0.00000000099999999978 0.00000000099999999978 0.00000000099999999978 0.00000000099999999978 0.44618330829091101819 0.04973051671008559688 0.00000000099999999978 0.50408616799900318739 0.00000000099999999978 
0.00000000099999999942 0.00000000099999999942 0.00000000099999999942 0.00000000099999999942 0.00000000099999999942 0.99999999100000014352 0.00000000099999999942 0.00000000099999999942 0.00000000099999999942 0.00000000099999999942 
0.00000000099999999972 0.00000000099999999972 0.00000000099999999972 0.02919155952271944299 0.00000000099999999972 0.19300468227872105698 0.00000000099999999972 0.00000000099999999972 0.77780375119855937882 0.00000000099999999972 
0.68160501728545952460 0.00000000099999999991 0.14800043228694462205 0.00000000099999999991 0.06738727339562117225 0.00816048027437759303 0.00000000099999999991 0.00000000099999999991 0.00000000099999999991 0.09484679175759705427 
0.00000000099999999915 0.00000000099999999915 0.00000000099999999915 0.00000000099999999915 0.99999999100000014352 0.00000000099999999915 0.00000000099999999915 0.00000000099999999915 0.00000000099999999915 0.00000000099999999915 
0.00000000099999999899 0.00000000099999999899 0.00000000099999999899 0.00000000099999999899 0.99999999100000003249 0.00000000099999999899 0.00000000099999999899 0.00000000099999999899 0.00000000099999999899 0.00000000099999999899 
0.00000000099999999898 0.00000000099999999898 0.00000000099999999898 0.00000000099999999898 0.99999999100000003249 0.00000000099999999898 0.00000000099999999898 0.00000000099999999898 0.00000000099999999898 0.00000000099999999898 
0.00000000099999999893 0.00000000099999999893 0.00000000099999999893 0.00000000099999999893 0.99999999100000003249 0.00000000099999999893 0.00000000099999999893 0.00000000099999999893 0.00000000099999999893 0.00000000099999999893 
0.00000000099999999899 0.00000000099999999899 0.00000000099999999899 0.00000000099999999899 0.99999999099999992147 0.00000000099999999899 0.00000000099999999899 0.00000000099999999899 0.00000000099999999899 0.00000000099999999899 
0.00000000099999999899 0.00000000099999999899 0.00000000099999999899 0.00000000099999999899 0.99999999100000003249 0.00000000099999999899 0.00000000099999999899 0.00000000099999999899 0.00000000099999999899 0.00000000099999999899 
0.00000000099999999914 0.00000000099999999914 0.00000000099999999914 0.00000000099999999914 0.99999999100000014352 0.00000000099999999914 0.00000000099999999914 0.00000000099999999914 0.00000000099999999914 0.00000000099999999914 
0.00000000099999999914 0.00000000099999999914 0.00000000099999999914 0.00000000099999999914 0.99999999100000014352 0.00000000099999999914 0.00000000099999999914 0.00000000099999999914 0.00000000099999999914 0.00000000099999999914 
0.00000000099999999913 0.00000000099999999913 0.00000000099999999913 0.00000000099999999913 0.99999999100000014352 0.00000000099999999913 0.00000000099999999913 0.00000000099999999913 0.00000000099999999913 0.00000000099999999913 
0.00000000099999999940 0.00000000099999999940 0.00000000099999999940 0.00000000099999999940 0.99999999100000014352 0.00000000099999999940 0.00000000099999999940 0.00000000099999999940 0.00000000099999999940 0.00000000099999999940 
0.00000000099999999981 0.05555535338896277348 0.00000000099999999981 0.00000000099999999981 0.94444463861103722380 0.00000000099999999981 0.00000000099999999981 0.00000000099999999981 0.00000000099999999981 0.00000000099999999981 
0.00000000099999999935 0.00000000099999999935 0.00000000099999999935 0.00000000099999999935 0.99999999100000014352 0.00000000099999999935 0.00000000099999999935 0.00000000099999999935 0.00000000099999999935 0.00000000099999999935 
0.00000000099999999995 0.04955082776125380173 0.11933903586838667810 0.00000000099999999995 0.36333677264808800222 0.00000000099999999995 0.01090077676375383713 0.05674807806496023899 0.04324293763889713871 0.35688156825466055277 
0.00010903469874931092 0.00000000099999999995 0.19022432307731432233 0.02494578115212171820 0.27526041029488829137 0.00000000099999999995 0.00000000099999999995 0.00000000099999999995 0.07581418301533168758 0.43364626376159465249 
0.00000000099999999994 0.00000000099999999994 0.17663311699331674109 0.00494121904517143360 0.36599046344600821845 0.00000000099999999994 0.00000000099999999994 0.00000000099999999994 0.04203140649676306850 0.41040378901874058348 
0.00000001267176542437 0.00000000099999999980 0.16182133833176515214 0.00000000099999999980 0.83817864199646952006 0.00000000099999999980 0.00000000099999999980 0.00000000099999999980 0.00000000099999999980 0.00000000099999999980 
0.00000000099999999988 0.70347483474759975319 0.00000000099999999988 0.00000000099999999988 0.00000000099999999988 0.02956182724214867497 0.00001315930613206349 0.00000000099999999988 0.16358609676754332085 0.10336407693657624629 
0.99999999100000003249 0.00000000099999999857 0.00000000099999999857 0.00000000099999999857 0.00000000099999999857 0.00000000099999999857 0.00000000099999999857 0.00000000099999999857 0.00000000099999999857 0.00000000099999999857 
0.99999999100000003249 0.00000000099999999869 0.00000000099999999869 0.00000000099999999869 0.00000000099999999869 0.00000000099999999869 0.00000000099999999869 0.00000000099999999869 0.00000000099999999869 0.00000000099999999869 
0.99999999100000003249 0.00000000099999999874 0.00000000099999999874 0.00000000099999999874 0.00000000099999999874 0.00000000099999999874 0.00000000099999999874 0.00000000099999999874 0.00000000099999999874 0.00000000099999999874 
0.99999999100000014352 0.00000000099999999901 0.00000000099999999901 0.00000000099999999901 0.00000000099999999901 0.00000000099999999901 0.00000000099999999901 0.00000000099999999901 0.00000000099999999901 0.00000000099999999901 
0.99999999100000003249 0.00000000099999999857 0.00000000099999999857 0.00000000099999999857 0.00000000099999999857 0.00000000099999999857 0.00000000099999999857 0.00000000099999999857 0.00000000099999999857 0.00000000099999999857 
0.93217159521309667092 0.00000000099999999962 0.06782839678690348595 0.00000000099999999962 0.00000000099999999962 0.00000000099999999962 0.00000000099999999962 0.00000000099999999962 0.00000000099999999962 0.00000000099999999962 
0.84587621837674187297 0.00000000099999999987 0.07727421047138871568 0.00000000099999999987 0.06892659683878066268 0.00000000099999999987 0.00000000099999999987 0.00000000099999999987 0.00000000099999999987 0.00792296831308888887 
0.89065948032166142312 0.00000000099999999979 0.10317167804812699128 0.00000000099999999979 0.00616883463021191455 0.00000000099999999979 0.00000000099999999979 0.00000000099999999979 0.00000000099999999979 0.00000000099999999979 
0.00000000099999999860 0.00000000099999999860 0.99999999099999992147 0.00000000099999999860 0.00000000099999999860 0.00000000099999999860 0.00000000099999999860 0.00000000099999999860 0.00000000099999999860 0.00000000099999999860 
0.00000000099999999860 0.00000000099999999860 0.99999999100000003249 0.00000000099999999860 0.00000000099999999860 0.00000000099999999860 0.00000000099999999860 0.00000000099999999860 0.00000000099999999860 0.00000000099999999860 
0.00000000099999999946 0.00000000099999999946 0.99999999100000003249 0.00000000099999999946 0.00000000099999999946 0.00000000099999999946 0.00000000099999999946 0.00000000099999999946 0.00000000099999999946 0.00000000099999999946 
0.00000000099999999919 0.00000000099999999919 0.99999999100000014352 0.00000000099999999919 0.00000000099999999919 0.00000000099999999919 0.00000000099999999919 0.00000000099999999919 0.00000000099999999919 0.00000000099999999919 
0.99999999100000014352 0.00000000099999999860 0.00000000099999999860 0.00000000099999999860 0.00000000099999999860 0.00000000099999999860 0.00000000099999999860 0.00000000099999999860 0.00000000099999999860 0.00000000099999999860 
0.99999999100000014352 0.00000000099999999874 0.00000000099999999874 0.00000000099999999874 0.00000000099999999874 0.00000000099999999874 0.00000000099999999874 0.00000000099999999874 0.00000000099999999874 0.00000000099999999874 
0.99999999100000014352 0.00000000099999999919 0.00000000099999999919 0.00000000099999999919 0.00000000099999999919 0.00000000099999999919 0.00000000099999999919 0.00000000099999999919 0.00000000099999999919 0.00000000099999999919 
0.00000000099999999912 0.00000000099999999912 0.00000000099999999912 0.00000000099999999912 0.99999999100000003249 0.00000000099999999912 0.00000000099999999912 0.00000000099999999912 0.00000000099999999912 0.00000000099999999912 
0.00000000099999999898 0.00000000099999999898 0.00000000099999999898 0.00000000099999999898 0.99999999099999992147 0.00000000099999999898 0.00000000099999999898 0.00000000099999999898 0.00000000099999999898 0.00000000099999999898 
0.00000000099999999894 0.00000000099999999894 0.00000000099999999894 0.00000000099999999894 0.99999999099999992147 0.00000000099999999894 0.00000000099999999894 0.00000000099999999894 0.00000000099999999894 0.00000000099999999894 
0.00000000099999999895 0.00000000099999999895 0.00000000099999999895 0.00000000099999999895 0.99999999100000003249 0.00000000099999999895 0.00000000099999999895 0.00000000099999999895 0.00000000099999999895 0.00000000099999999895 
0.00000000099999999856 0.99999999100000003249 0.00000000099999999856 0.00000000099999999856 0.00000000099999999856 0.00000000099999999856 0.00000000099999999856 0.00000000099999999856 0.00000000099999999856 0.00000000099999999856 
0.00000000099999999882 0.99999999100000014352 0.00000000099999999882 0.00000000099999999882 0.00000000099999999882 0.00000000099999999882 0.00000000099999999882 0.00000000099999999882 0.00000000099999999882 0.00000000099999999882 
0.00000000099999999863 0.99999999100000003249 0.00000000099999999863 0.00000000099999999863 0.00000000099999999863 0.00000000099999999863 0.00000000099999999863 0.00000000099999999863 0.00000000099999999863 0.00000000099999999863 
0.00000000099999999881 0.99999999100000003249 0.00000000099999999881 0.00000000099999999881 0.00000000099999999881 0.00000000099999999881 0.00000000099999999881 0.00000000099999999881 0.00000000099999999881 0.00000000099999999881 
0.00000000099999999856 0.99999999100000003249 0.00000000099999999856 0.00000000099999999856 0.00000000099999999856 0.00000000099999999856 0.00000000099999999856 0.00000000099999999856 0.00000000099999999856 0.00000000099999999856 
0.00000000099999999896 0.99999999100000003249 0.00000000099999999896 0.00000000099999999896 0.00000000099999999896 0.00000000099999999896 0.00000000099999999896 0.00000000099999999896 0.00000000099999999896 0.00000000099999999896 
0.00000000099999999990 0.00000000099999999990 0.03272039788631306984 0.00000000099999999990 0.00044083855059600118 0.00000000099999999990 0.00000000099999999990 0.57824999053894365897 0.00000000099999999990 0.38858876702414746340 
0.00000000099999999989 0.03466425593834969454 0.00682339129570044573 0.00000000099999999989 0.00000000099999999989 0.00000000099999999989 0.00000000099999999989 0.48127827007347645516 0.00000000099999999989 0.47723407669247341900 
0.00000000099999999989 0.00065397507163324523 0.01714217557676672721 0.00000000099999999989 0.00000000099999999989 0.00000000099999999989 0.00000000099999999989 0.71876141430908480068 0.00000000099999999989 0.26344242904251508053 
0.00000000099999999988 0.00000000099999999988 0.02197102794630898664 0.00000000099999999988 0.00000000099999999988 0.00000000099999999988 0.00000000099999999988 0.97802896405369110777 0.00000000099999999988 0.00000000099999999988 
0.00000000099999999988 0.00000000099999999988 0.00000000099999999988 0.00000000099999999988 0.00000000099999999988 0.00000000099999999988 0.00000000099999999988 0.94325032516558404705 0.00000000099999999988 0.05674966683441599186 
0.00000000099999999987 0.00000000099999999987 0.00000002941372871670 0.00000000099999999987 0.00000000099999999987 0.00000000099999999987 0.00000000099999999987 0.46038128945009421100 0.00000000099999999987 0.53961867413617703448 
0.00161522570756710004 0.02528958804393664772 0.08597063072589453125 0.00000000099999999994 0.00791395907942034349 0.00000000099999999994 0.00000000099999999994 0.50675184001034168091 0.00000000099999999994 0.37245875243283976808 
0.00000000099999999982 0.00000000099999999982 0.00000000099999999982 0.00000000099999999982 0.00000000099999999982 0.00000000099999999982 0.00000000099999999982 0.99999999099999992147 0.00000000099999999982 0.00000000099999999982 
0.00000000099999999988 0.00000449649996439407 0.02013105858523981176 0.00000000099999999988 0.00000000099999999988 0.00000000099999999988 0.00000000099999999988 0.83905802182369593201 0.00000000099999999988 0.14080641709109978366 
0.00000000099999999989 0.00000000099999999989 0.00605805957324920263 0.00000000099999999989 0.00000000099999999989 0.00000000099999999989 0.00000000099999999989 0.91873101493634645731 0.00000000099999999989 0.07521091849040431598 
0.00000000099999999984 0.00000000099999999984 0.00415077129028327326 0.00000000099999999984 0.00000000099999999984 0.00000000099999999984 0.00000000099999999984 0.99584922070971670927 0.00000000099999999984 0.00000000099999999984 
0.00000000099999999989 0.00000000099999999989 0.02974524596217860764 0.00000000099999999989 0.00000000099999999989 0.00000000099999999989 0.00000000099999999989 0.97025474603782135841 0.00000000099999999989 0.00000000099999999989 
0.00000014453640726874 0.00000000099999999991 0.03721916961752297359 0.00000000099999999991 0.00000000099999999991 0.00000000099999999991 0.00000000099999999991 0.86750398553568086601 0.00000000099999999991 0.09527669431038883474 
0.00000000099999999989 0.00000000099999999989 0.07996459323025206789 0.00000000099999999989 0.00000000099999999989 0.00000000099999999989 0.00000000099999999989 0.58888163648336178113 0.00000000099999999989 0.33115376328638612691 
0.00000000099999999983 0.01907725584940975216 0.00000000099999999983 0.00000000099999999983 0.00000000099999999983 0.00000000099999999983 0.00000000099999999983 0.46411934815151406619 0.00000000099999999983 0.51680338899907629635 
0.00000000099999999984 0.00000000099999999984 0.00000000099999999984 0.00000000099999999984 0.00000000099999999984 0.00000000099999999984 0.00000000099999999984 0.99999999099999992147 0.00000000099999999984 0.00000000099999999984 
0.00000000099999999988 0.02490071085439824264 0.00000000099999999988 0.00000000099999999988 0.00000000099999999988 0.00000000099999999988 0.00000000099999999988 0.46246347705971918574 0.00000000099999999988 0.51263580508588246776 
0.00000000099999999953 0.00000000099999999953 0.00000000099999999953 0.00000000099999999953 0.00000000099999999953 0.00000000099999999953 0.00000000099999999953 0.00000000099999999953 0.00000000099999999953 0.99999999099999992147 
0.00000000099999999962 0.00000000099999999962 0.00000000099999999962 0.00000000099999999962 0.00000000099999999962 0.00000000099999999962 0.00000000099999999962 0.00000000099999999962 0.00000000099999999962 0.99999999100000003249 
0.00000000099999999970 0.00000000099999999970 0.00000000099999999970 0.00000000099999999970 0.00000000099999999970 0.00000000099999999970 0.00000000099999999970 0.00000000099999999970 0.00000000099999999970 0.99999999100000003249 
0.00000000099999999963 0.00000000099999999963 0.00000000099999999963 0.00000000099999999963 0.00000000099999999963 0.00000000099999999963 0.00000000099999999963 0.00000000099999999963 0.00000000099999999963 0.99999999099999992147 
0.00000000099999999959 0.00000000099999999959 0.00000000099999999959 0.00000000099999999959 0.00000000099999999959 0.00000000099999999959 0.00000000099999999959 0.00000000099999999959 0.00000000099999999959 0.99999999099999992147 
0.00000000099999999976 0.00000000099999999976 0.00000000099999999976 0.00000000099999999976 0.00000000099999999976 0.00000000099999999976 0.00000000099999999976 0.23170176104891057611 0.00000000099999999976 0.76829823095108928932 
0.00000000099999999993 0.00000000099999999993 0.00000000099999999993 0.00000000290837890213 0.00000000099999999993 0.00389304726332193431 0.00000000099999999993 0.64402585568457371146 0.00000000099999999993 0.35208108814372557349 
0.00000000099999999986 0.00079940768736413233 0.01060622835120168111 0.00000000099999999986 0.00000000099999999986 0.00000000099999999986 0.00000000099999999986 0.23980867338235001274 0.00000000099999999986 0.74878568457908400990 
0.00000000099999999979 0.00000000099999999979 0.00000000099999999979 0.00000000099999999979 0.00000000099999999979 0.00000000099999999979 0.00000000099999999979 0.68612066972760654693 0.00000000099999999979 0.31387932227239334626 
0.00000000099999999980 0.00000000176462122920 0.00000000099999999980 0.00000000099999999980 0.00000000099999999980 0.00000000099999999980 0.00000000099999999980 0.67599693338609989635 0.00000000099999999980 0.32400305784927879715 
0.00000000099999999993 0.00000000099999999993 0.02340184921189825476 0.00000000099999999993 0.00000000099999999993 0.00000000099999999993 0.00000000099999999993 0.55235878092834611586 0.00000000099999999993 0.42423936285975577531 
0.00000000099999999975 0.00000000099999999975 0.00000000099999999975 0.00000000099999999975 0.00000000099999999975 0.00000000099999999975 0.00000000099999999975 0.00000000099999999975 0.00000000099999999975 0.99999999099999992147 
0.00000000099999999981 0.00000000099999999981 0.00000000099999999981 0.00000000099999999981 0.00000000099999999981 0.00000000099999999981 0.00000000099999999981 0.36887759264667641101 0.00000000099999999981 0.63112239935332359320 
0.00000000099999999985 0.00000000257452376643 0.01526416223053539412 0.00000000099999999985 0.00000000099999999985 0.00000000099999999985 0.00000000099999999985 0.26985039991364356826 0.00000000099999999985 0.71488542928129727994 
0.00000000099999999976 0.00000000099999999976 0.00000000099999999976 0.00000000099999999976 0.00000000099999999976 0.00000000099999999976 0.00000000099999999976 0.77053134590846750207 0.00000000099999999976 0.22946864609153247438 
0.00000000099999999983 0.00000000099999999983 0.00000000099999999983 0.00000000099999999983 0.00000000099999999983 0.00000000099999999983 0.00000000099999999983 0.27902697537176140985 0.00000000099999999983 0.72097301662823842783 
0.00000000099999999984 0.00000000099999999984 0.00000007546196305938 0.00000000099999999984 0.00000000099999999984 0.00000000099999999984 0.00000000099999999984 0.27715536231651027865 0.00000000099999999984 0.72284455522152657458 
0.00000000099999999984 0.00000000099999999984 0.00000000099999999984 0.00000000099999999984 0.00000000099999999984 0.00000000099999999984 0.00000000099999999984 0.32027005520910672987 0.00000000099999999984 0.67972993679089321883 
0.00000000099999999970 0.00000000099999999970 0.00000000099999999970 0.00000000099999999970 0.00000000099999999970 0.00000000099999999970 0.00000000099999999970 0.00000000099999999970 0.00000000099999999970 0.99999999100000003249 
0.00000000099999999985 0.00000000099999999985 0.01663751775469799604 0.00000000099999999985 0.00000000099999999985 0.00000000099999999985 0.00000000099999999985 0.15410479969137744205 0.00000000099999999985 0.82925767555392448926 
0.00000000099999999981 0.00000000099999999981 0.03297218209002673178 0.00000000099999999981 0.00000000099999999981 0.00000000099999999981 0.00000000099999999981 0.00000000099999999981 0.00000000099999999981 0.96702780990997327937 
