0.94715019555499591064 0.00000000100000000000 0.05284980344500405519 
0.95718567093317730166 0.01594261144496824864 0.02687171762185446705 
0.99999999799999994554 0.00000000099999999980 0.00000000099999999980 
0.99999999800000005656 0.00000000099999999980 0.00000000099999999980 
0.99999999800000005656 0.00000000099999999985 0.00000000099999999985 
0.93279576097468308582 0.00000000099999999998 0.06720423802531694246 
0.99999999799999994554 0.00000000099999999980 0.00000000099999999980 
0.99999999799999994554 0.00000000099999999985 0.00000000099999999985 
0.95917903002834059567 0.00000000099999999997 0.04082096897165955751 
0.99999999800000005656 0.00000000099999999995 0.00000000099999999995 
0.91503797841934919610 0.00000000099999999999 0.08496202058065079055 
0.94300887089245521988 0.00000000099999999999 0.05699112810754475983 
0.99999999800000005656 0.00000000099999999981 0.00000000099999999981 
0.99999999800000005656 0.00000000099999999979 0.00000000099999999979 
0.99999999799999994554 0.00000000099999999979 0.00000000099999999979 
0.99999999800000005656 0.00000000099999999982 0.00000000099999999982 
0.99999999800000005656 0.00000000099999999982 0.00000000099999999982 
0.99999999799999994554 0.00000000099999999982 0.00000000099999999982 
0.99999999799999994554 0.00000000099999999989 0.00000000099999999989 
0.99999999800000005656 0.00000000099999999988 0.00000000099999999988 
0.99999999799999994554 0.00000000099999999991 0.00000000099999999991 
0.99999999799999994554 0.00000000099999999991 0.00000000099999999991 
0.99999999799999994554 0.00000000099999999991 0.00000000099999999991 
0.99999999800000005656 0.00000000099999999979 0.00000000099999999979 
0.99999999800000005656 0.00000000099999999979 0.00000000099999999979 
0.99999999800000005656 0.00000000099999999979 0.00000000099999999979 
0.99999999800000005656 0.00000000099999999984 0.00000000099999999984 
0.99999999799999994554 0.00000000099999999982 0.00000000099999999982 
0.99999999799999994554 0.00000000099999999983 0.00000000099999999983 
0.99999999799999994554 0.00000000099999999989 0.00000000099999999989 
0.95638859671883846847 0.00000000099999999999 0.04361140228116156675 
0.96668042406213627871 0.00000000099999999998 0.03331957493786362468 
0.93673365643359840504 0.00000000099999999997 0.06326634256640159548 
0.92593371558157966383 0.00000000099999999999 0.07406628341842021179 
0.92771404843384985828 0.00000000099999999998 0.07228595056615022552 
0.92399251002510407460 0.00000000099999999998 0.07600748897489582878 
0.90580800909530412302 0.04849802743191058280 0.04569396347278521786 
0.97450983729704765413 0.00000000099999999998 0.02549016170295230477 
0.99999999799999994554 0.00000000099999999984 0.00000000099999999984 
0.99999998596305517129 0.00000000099999999997 0.00000001303694475598 
0.95318711352487095478 0.00000000099999999998 0.04681288547512904574 
0.92914668367100028412 0.00532820957785424057 0.06552510675114546490 
0.96102831508998987076 0.00000000099999999998 0.03897168391001014365 
0.91081036541065163448 0.02117221150278577810 0.06801742308656262559 
0.97089437094423891583 0.00000000099999999998 0.02910562805576112980 
0.98477896596234104631 0.00000000099999999997 0.01522103303765893166 
0.99999999800000005656 0.00000000099999999984 0.00000000099999999984 
0.95006602721430555292 0.00000000099999999998 0.04993397178569446149 
0.03256480371426966058 0.10607668266231923271 0.86135851362341109283 
0.00000000099999999981 0.00000000099999999981 0.99999999800000005656 
0.00000000099999999980 0.00000000099999999980 0.99999999800000005656 
0.00000000099999999980 0.00000000099999999980 0.99999999800000005656 
0.00000000099999999980 0.00000000099999999980 0.99999999800000005656 
0.00000000099999999980 0.00000000099999999980 0.99999999799999994554 
0.00000000099999999982 0.00000000099999999982 0.99999999799999994554 
0.00000000099999999982 0.00000000099999999982 0.99999999799999994554 
0.00000000099999999982 0.00000000099999999982 0.99999999800000005656 
0.00000000099999999982 0.00000000099999999982 0.99999999800000005656 
0.00000000099999999987 0.00000000099999999987 0.99999999799999994554 
0.04374307772328367427 0.00000000099999999999 0.95625692127671635401 
0.00000000099999999986 0.00000000099999999986 0.99999999800000005656 
0.06256364874923470154 0.46663846882437531871 0.47079788242638992424 
0.09861310715611418254 0.43179191608579436945 0.46959497675809142025 
0.03860021334265373999 0.41795773437972560949 0.54344205227762065746 
0.00000000099999999999 0.00017001247519785875 0.99982998652480226109 
0.44679301916432978548 0.55320697983567024281 0.00000000099999999994 
0.00000000099999999978 0.00000000099999999978 0.99999999799999994554 
0.00000000099999999979 0.00000000099999999979 0.99999999800000005656 
0.00000000099999999981 0.00000000099999999981 0.99999999800000005656 
0.00000000099999999983 0.00000000099999999983 0.99999999799999994554 
0.00000000099999999979 0.00000000099999999979 0.99999999800000005656 
0.00000000099999999994 0.00000000099999999994 0.99999999800000005656 
0.03426683331182277248 0.00000002169922335098 0.96573314498895390656 
0.03820853290765040267 0.00000000099999999999 0.96179146609234955623 
0.00000000099999999998 0.17362910514309287668 0.82637089385690720711 
0.00000000099999999998 0.17415440160838541184 0.82584559739161456093 
0.00000000099999999999 0.25331291181801257606 0.74668708718198728569 
0.00000000099999999998 0.24549800344102695737 0.75450199555897312642 
0.00000000099999999980 0.00000000099999999980 0.99999999799999994554 
0.00000000099999999982 0.00000000099999999982 0.99999999800000005656 
0.00000000099999999992 0.00000000099999999992 0.99999999799999994554 
0.00000000099999999980 0.00000000099999999980 0.99999999799999994554 
0.00000000099999999980 0.00000000099999999980 0.99999999800000005656 
0.00000000099999999980 0.00000000099999999980 0.99999999799999994554 
0.00000000099999999981 0.00000000099999999981 0.99999999800000005656 
0.44205098158372985173 0.55794901741627001002 0.00000000099999999992 
0.42630904011922554631 0.57369095888077448198 0.00000000099999999992 
0.41467676119865193307 0.58532323780134809521 0.00000000099999999992 
0.43820850523672560950 0.56179149376327441878 0.00000000099999999992 
0.45222402265175892788 0.54777597634824093387 0.00000000099999999992 
0.42274917084079238760 0.57725082815920758517 0.00000000099999999994 
0.00000000099999999998 0.93640149548320716910 0.06359850351679278979 
0.00000000099999999998 0.99473059031000765629 0.00526940868999224710 
0.00000000099999999998 0.95475550662875863228 0.04524449237124143763 
0.00000000099999999998 0.91364863700850329487 0.08635136199149660852 
0.00000000099999999999 0.94211220205510426418 0.05788779694489575023 
0.00000000099999999997 0.97068862052063842327 0.02931137847936148705 
0.00000000099999999999 0.89095470180581115560 0.10904529719418874778 
0.00000000099999999998 0.95615257995143343450 0.04384741904856657990 
0.00000000099999999999 0.94673586803633313913 0.05326413096366694466 
0.00000000099999999999 0.94118030803937491324 0.05881969096062517749 
0.00000000099999999998 0.93158989123552626843 0.06841010776447374597 
0.01185956059597138672 0.90569573211987475236 0.08244470728415378979 
0.00000000099999999998 0.91742609925554963191 0.08257389974445047964 
0.00000000099999999998 0.91726278921983261938 0.08273720978016738115 
0.00000000099999999997 0.99999693688104374090 0.00000306211895637285 
0.00000000099999999998 0.94711139771762253847 0.05288860128237752450 
0.00000000099999999998 0.99999999527391369991 0.00000000372608640119 
0.00000000099999999992 0.99999999800000005656 0.00000000099999999992 
0.00000000099999999993 0.99999999800000005656 0.00000000099999999993 
0.00000000099999999995 0.99999999799999994554 0.00000000099999999995 
0.00000000099999999995 0.99999999800000005656 0.00000000099999999995 
0.00000000099999999993 0.99999999799999994554 0.00000000099999999993 
0.00000000099999999994 0.99999999800000005656 0.00000000099999999994 
0.00000991837378468852 0.95025045541321706555 0.04973962621299828774 
0.00000000099999999996 0.99999999800000005656 0.00000000099999999996 
0.00000000099999999997 0.99624083934816376473 0.00375915965183617464 
0.00000000099999999997 0.99999999799999994554 0.00000000099999999997 
0.00000000099999999999 0.95434699961100877275 0.04565299938899136656 
0.00000000099999999996 0.99999999800000005656 0.00000000099999999996 
0.00000000099999999996 0.99999999800000005656 0.00000000099999999996 
0.00000000099999999996 0.99999999799999994554 0.00000000099999999996 
0.00000000099999999998 0.99999999277344886472 0.00000000622655125086 
0.00000000099999999997 0.99999994219526355810 0.00000005680473651345 
0.00000000099999999996 0.99999999800000005656 0.00000000099999999996 
0.00000000099999999997 0.99882117995214791950 0.00117881904785211377 
0.00000000099999999995 0.99999999799999994554 0.00000000099999999995 
0.00000000099999999997 0.99999616530657231550 0.00000383369342763976 
0.00000000099999999997 0.99998305745454729720 0.00001694154545287763 
