0.04146231684840986226 0.12018658271970696083 0.00000000099999999998 0.83835109943188323989 
0.02204278337664331011 0.06271593257921401210 0.00000000099999999999 0.91524128304414265056 
0.00000000099999999974 0.00000000099999999974 0.00000000099999999974 0.99999999699999997382 
0.00000000099999999974 0.00000000099999999974 0.00000000099999999974 0.99999999700000008485 
0.00000000099999999981 0.00000000099999999981 0.00000000099999999981 0.99999999700000008485 
0.05629372778043788966 0.06518949256191526598 0.00000000099999999998 0.87851677865764687958 
0.00000000099999999974 0.00000000099999999974 0.00000000099999999974 0.99999999699999997382 
0.00000000099999999981 0.00000000099999999981 0.00000000099999999981 0.99999999700000008485 
0.03306646368238028155 0.03505103623195880702 0.00000000099999999998 0.93188249908566100910 
0.00000000099999999995 0.02931314929739385622 0.00000000099999999995 0.97068684870260624198 
0.06941905970514548885 0.11276556913282423378 0.00000000099999999998 0.81781537016203020851 
0.04568976865489610822 0.06133989040736547577 0.00000000099999999999 0.89297033993773844429 
0.00000000099999999974 0.00000000099999999974 0.00000000099999999974 0.99999999699999997382 
0.00000000099999999972 0.00000000099999999972 0.00000000099999999972 0.99999999700000008485 
0.00000000099999999972 0.00000000099999999972 0.00000000099999999972 0.99999999700000008485 
0.00000000099999999976 0.00000000099999999976 0.00000000099999999976 0.99999999699999997382 
0.00000000099999999976 0.00000000099999999976 0.00000000099999999976 0.99999999700000008485 
0.00000000099999999976 0.00000000099999999976 0.00000000099999999976 0.99999999699999997382 
0.00000000099999999985 0.00000000099999999985 0.00000000099999999985 0.99999999700000008485 
0.00000000099999999984 0.00000000099999999984 0.00000000099999999984 0.99999999700000008485 
0.00000000099999999986 0.00000000099999999986 0.00000000099999999986 0.99999999700000008485 
0.00000000099999999986 0.00000000099999999986 0.00000000099999999986 0.99999999700000008485 
0.00000000099999999987 0.00000000099999999987 0.00000000099999999987 0.99999999700000008485 
0.00000000099999999974 0.00000000099999999974 0.00000000099999999974 0.99999999700000008485 
0.00000000099999999974 0.00000000099999999974 0.00000000099999999974 0.99999999699999997382 
0.00000000099999999974 0.00000000099999999974 0.00000000099999999974 0.99999999700000008485 
0.00000000099999999982 0.00000000099999999982 0.00000000099999999982 0.99999999699999997382 
0.00000000099999999981 0.00000000099999999981 0.00000000099999999981 0.99999999699999997382 
0.00000000099999999980 0.00000000099999999980 0.00000000099999999980 0.99999999699999997382 
0.00000000099999999984 0.00000000099999999984 0.00000000099999999984 0.99999999700000008485 
0.03122444788781630898 0.06413702104978173668 0.00000000099999999999 0.90463853006240202426 
0.02061658389030870606 0.07527987921161428952 0.00000000099999999998 0.90410353589807690433 
0.05505118804205634542 0.04069575678748468817 0.00000000099999999997 0.90425305417045886980 
0.05983748489174439689 0.10234168961978580559 0.00000000099999999998 0.83782082448846983969 
0.06100118488892865287 0.07524481568926250086 0.00000000099999999997 0.86375399842180899945 
0.06782359971199056203 0.04239553426393667668 0.00000000099999999998 0.88978086502407272018 
0.03811607110385648034 0.08715130157925532473 0.03173210753243095594 0.84300051978445722511 
0.01738318851737661458 0.04806249485002173083 0.00000000099999999998 0.93455431563260149552 
0.00000000099999999981 0.00000000099999999981 0.00000000099999999981 0.99999999700000008485 
0.00000000099999999994 0.10914786337742377054 0.00000000099999999994 0.89085213462257606398 
0.03371404641534250096 0.07007986127476048543 0.00000000099999999998 0.89620609130989703495 
0.05508007648332630124 0.06921048254717412918 0.00001506268727343632 0.87569437828222618236 
0.02615107896854866609 0.05728006818415355694 0.00000000099999999998 0.91656885184729774974 
0.06249784339185171511 0.08414057504471396387 0.00007808319829585866 0.85328349836513850413 
0.01913492035089632559 0.05050292487521353124 0.00000000099999999998 0.93036215377389019920 
0.00407840960802258526 0.04238874976944721762 0.00000000099999999998 0.95353283962253021500 
0.00000000099999999980 0.00000000099999999980 0.00000000099999999980 0.99999999699999997382 
0.03909854495233894972 0.06624291351826028240 0.00000000099999999998 0.89465854052940074759 
0.85487846324733030023 0.00000000099999999997 0.11044149002772518653 0.03468004572494445825 
0.99999999699999997382 0.00000000099999999972 0.00000000099999999972 0.00000000099999999972 
0.99999999699999997382 0.00000000099999999970 0.00000000099999999970 0.00000000099999999970 
0.99999999699999997382 0.00000000099999999970 0.00000000099999999970 0.00000000099999999970 
0.99999999700000008485 0.00000000099999999970 0.00000000099999999970 0.00000000099999999970 
0.99999999699999997382 0.00000000099999999971 0.00000000099999999971 0.00000000099999999971 
0.99999999700000008485 0.00000000099999999972 0.00000000099999999972 0.00000000099999999972 
0.99999999700000008485 0.00000000099999999973 0.00000000099999999973 0.00000000099999999973 
0.99999999700000008485 0.00000000099999999973 0.00000000099999999973 0.00000000099999999973 
0.99999999700000008485 0.00000000099999999973 0.00000000099999999973 0.00000000099999999973 
0.99999999699999997382 0.00000000099999999981 0.00000000099999999981 0.00000000099999999981 
0.95372017886508875240 0.04627981913491121396 0.00000000099999999994 0.00000000099999999994 
0.99999999700000008485 0.00000000099999999979 0.00000000099999999979 0.00000000099999999979 
0.46670618731689983427 0.06449971440650420496 0.43788178474720151900 0.03091231352939442442 
0.45455526312839172887 0.00182943954911516131 0.44360571975731827310 0.10000957756517492303 
0.52936771496207524201 0.00000000099999999999 0.42955191670253695113 0.04108036733538778656 
0.99965460948676587716 0.00000001929543558768 0.00034537021779860246 0.00000000099999999999 
0.00000000099999999998 0.73386845463685856927 0.09384422724435323437 0.17228731711878803035 
0.99999999699999997382 0.00000000099999999967 0.00000000099999999967 0.00000000099999999967 
0.99999999699999997382 0.00000000099999999968 0.00000000099999999968 0.00000000099999999968 
0.99999999700000008485 0.00000000099999999971 0.00000000099999999971 0.00000000099999999971 
0.99999999699999997382 0.00000000099999999974 0.00000000099999999974 0.00000000099999999974 
0.99999999699999997382 0.00000000099999999968 0.00000000099999999968 0.00000000099999999968 
0.99999999700000008485 0.00000000099999999991 0.00000000099999999991 0.00000000099999999991 
0.96127293990157780534 0.01455073873091254806 0.00000000099999999999 0.02417632036750962457 
0.95921484709815985070 0.00000000099999999997 0.00000000099999999997 0.04078515090184016423 
0.80882167381384717508 0.00000000099999999995 0.19117832418615268719 0.00000000099999999995 
0.80838793897744265493 0.00000000099999999995 0.19161205902255729061 0.00000000099999999995 
0.73058728998898048168 0.00000000099999999996 0.26941270801101951937 0.00000000099999999996 
0.73733065988684620695 0.00000000099999999995 0.26266933811315373859 0.00000000099999999995 
0.99999999699999997382 0.00000000099999999970 0.00000000099999999970 0.00000000099999999970 
0.99999999699999997382 0.00000000099999999973 0.00000000099999999973 0.00000000099999999973 
0.99999999700000008485 0.00000000099999999988 0.00000000099999999988 0.00000000099999999988 
0.99999999700000008485 0.00000000099999999970 0.00000000099999999970 0.00000000099999999970 
0.99999999699999997382 0.00000000099999999970 0.00000000099999999970 0.00000000099999999970 
0.99999999699999997382 0.00000000099999999971 0.00000000099999999971 0.00000000099999999971 
0.99999999700000008485 0.00000000099999999971 0.00000000099999999971 0.00000000099999999971 
0.00000000099999999951 0.99999999699999997382 0.00000000099999999951 0.00000000099999999951 
0.00000000099999999960 0.99999999700000008485 0.00000000099999999960 0.00000000099999999960 
0.00000000099999999953 0.99999999699999997382 0.00000000099999999953 0.00000000099999999953 
0.00000000099999999959 0.99999999700000008485 0.00000000099999999959 0.00000000099999999959 
0.00000000099999999951 0.99999999700000008485 0.00000000099999999951 0.00000000099999999951 
0.00000000099999999965 0.99999999699999997382 0.00000000099999999965 0.00000000099999999965 
0.03389265762210067617 0.00216685729343414754 0.96394048408446508791 0.00000000099999999998 
0.00000000099999999997 0.03898544147708704610 0.96101455652291278842 0.00000000099999999997 
0.01322320134365865575 0.01061398063517946834 0.97616281702116181052 0.00000000099999999998 
0.05760383058771353926 0.00422802991472938979 0.93816813849755698040 0.00000000099999999999 
0.03421714860479972004 0.00962471551555588861 0.95615813487964440576 0.00000000099999999999 
0.00003434456704246696 0.00000000099999999996 0.99996565343295740202 0.00000000099999999996 
0.08509558860756263887 0.03053477037114910378 0.88436964002128815032 0.00000000099999999998 
0.01376404744873396639 0.01683913183702336752 0.96939681971424263018 0.00000000099999999999 
0.02244572736336803570 0.02142243423888816681 0.95613183739774365577 0.00000000099999999999 
0.02910856519925604513 0.01306432540486052347 0.95782710839588336427 0.00000000099999999999 
0.03918237811353689898 0.00054960179667354185 0.96026801908978953737 0.00000000099999999998 
0.06038375991647378788 0.01206977116018186080 0.91359490608946403167 0.01395156283388027108 
0.05682773031776107431 0.01950508739212271359 0.92366718129011626814 0.00000000099999999998 
0.05266738161650537375 0.00202810902260358323 0.94530450836089097155 0.00000000099999999998 
0.00000000099999999995 0.02458744607407950186 0.97541255192592057899 0.00000000099999999995 
0.02173532655691605073 0.01023131340873445136 0.96803335903434961640 0.00000000099999999999 
0.00000000099999999996 0.03086093799223249209 0.96913906000776761651 0.00000000099999999996 
0.00000000099999999990 0.00000000099999999990 0.99999999699999986280 0.00000000099999999990 
0.00000000099999999992 0.00000000099999999992 0.99999999699999997382 0.00000000099999999992 
0.00000000099999999993 0.00000000099999999993 0.99999999699999986280 0.00000000099999999993 
0.00000000099999999993 0.00000000099999999993 0.99999999699999997382 0.00000000099999999993 
0.00000000099999999992 0.00000006712449501759 0.99999993087550498316 0.00000000099999999992 
0.00000000099999999992 0.00000000099999999992 0.99999999699999986280 0.00000000099999999992 
0.02263073974273902000 0.00000000099999999999 0.97463784794277996681 0.00273141131448097685 
0.00000000099999999995 0.00128438332374422939 0.99871561467625580288 0.00000000099999999995 
0.00000000099999999995 0.00000000099999999995 0.99999999699999997382 0.00000000099999999995 
0.00000000099999999995 0.01105221220341078697 0.98894778579658904061 0.00000000099999999995 
0.01369274917634655947 0.00000000099999999998 0.98630724882365350403 0.00000000099999999998 
0.00000000099999999993 0.00000000099999999993 0.99999999699999997382 0.00000000099999999993 
0.00000000099999999995 0.00000000099999999995 0.99999999699999997382 0.00000000099999999995 
0.00000000099999999995 0.00040181708382658571 0.99959818091617347324 0.00000000099999999995 
0.00000000099999999995 0.01021481968679303735 0.98978517831320689258 0.00000000099999999995 
0.00000000099999999995 0.00000000099999999995 0.99999999699999997382 0.00000000099999999995 
0.00000000099999999995 0.00000000099999999995 0.99999999699999986280 0.00000000099999999995 
0.00000000099999999995 0.00000000099999999995 0.99999999699999997382 0.00000000099999999995 
0.00000000099999999994 0.00000000099999999994 0.99999999699999986280 0.00000000099999999994 
0.00000000099999999994 0.00000000099999999994 0.99999999699999997382 0.00000000099999999994 
0.00000000099999999994 0.00000000099999999994 0.99999999699999997382 0.00000000099999999994 
