0.02937807469959031678 0.61226958721720170509 0.35104740957228641740 0.00730492751092142942 0.00000000099999999999 
0.00000000099999999997 0.69226755691315977614 0.28996825443406010203 0.01776418665278003614 0.00000000099999999997 
0.00000000099999999952 0.99999999600000000211 0.00000000099999999952 0.00000000099999999952 0.00000000099999999952 
0.00000000099999999952 0.99999999600000011313 0.00000000099999999952 0.00000000099999999952 0.00000000099999999952 
0.00000000099999999965 0.99999999600000011313 0.00000000099999999965 0.00000000099999999965 0.00000000099999999965 
0.02923582951176923600 0.62132924871847072801 0.33516675664253048339 0.01426816412722947854 0.00000000099999999998 
0.00000000099999999955 0.99999999600000011313 0.00000000099999999955 0.00000000099999999955 0.00000000099999999955 
0.00000000099999999966 0.99999999600000011313 0.00000000099999999966 0.00000000099999999966 0.00000000099999999966 
0.00185007749940479757 0.71212157366435957506 0.28602833914204733867 0.00000000869418809413 0.00000000099999999997 
0.00000000099999999989 0.71516001275436602569 0.28483998424563405916 0.00000000099999999989 0.00000000099999999989 
0.03912609433453683588 0.67940535975167071214 0.26664046806090768715 0.01482807685288474626 0.00000000099999999998 
0.01159564481737939377 0.61047167756891040913 0.36271694420768668676 0.01521573240602352474 0.00000000099999999998 
0.00000000099999999935 0.00000000099999999935 0.99999999600000000211 0.00000000099999999935 0.00000000099999999935 
0.00000000099999999934 0.00000000099999999934 0.99999999599999989108 0.00000000099999999934 0.00000000099999999934 
0.00000000099999999933 0.00000000099999999933 0.99999999599999989108 0.00000000099999999933 0.00000000099999999933 
0.00000000099999999947 0.00000000099999999947 0.99999999599999989108 0.00000000099999999947 0.00000000099999999947 
0.00000000099999999947 0.00000000099999999947 0.99999999600000000211 0.00000000099999999947 0.00000000099999999947 
0.00000000099999999947 0.00000000099999999947 0.99999999600000000211 0.00000000099999999947 0.00000000099999999947 
0.00000000099999999983 0.68741888155905572777 0.31258111544094435708 0.00000000099999999983 0.00000000099999999983 
0.00000000099999999982 0.66948959684410158655 0.33051040015589860932 0.00000000099999999982 0.00000000099999999982 
0.00000000099999999987 0.70795658149916562696 0.29204341550083429135 0.00000000099999999987 0.00000000099999999987 
0.00000000099999999987 0.70794905745878866643 0.29205093954121141842 0.00000000099999999987 0.00000000099999999987 
0.00000000099999999986 0.68218599682692970809 0.31781400017307037675 0.00000000099999999986 0.00000000099999999986 
0.00000000099999999935 0.00000000099999999935 0.99999999599999989108 0.00000000099999999935 0.00000000099999999935 
0.00000000099999999939 0.00000000099999999939 0.99999999599999989108 0.00000000099999999939 0.00000000099999999939 
0.00000000099999999941 0.00000000099999999941 0.99999999599999989108 0.00000000099999999941 0.00000000099999999941 
0.00000000099999999976 0.00000000099999999976 0.99999999599999989108 0.00000000099999999976 0.00000000099999999976 
0.00000000099999999956 0.00000000099999999956 0.99999999600000000211 0.00000000099999999956 0.00000000099999999956 
0.00000000099999999982 0.06985007618123169337 0.93014992081876846086 0.00000000099999999982 0.00000000099999999982 
0.00000000099999999988 0.16115691300758705484 0.83884308399241303000 0.00000000099999999988 0.00000000099999999988 
0.00222247529595194461 0.74050249284618041568 0.25727502985786770973 0.00000000099999999996 0.00000000099999999996 
0.00000000099999999993 0.77717038210977174018 0.22282961489022820589 0.00000000099999999993 0.00000000099999999993 
0.02998879629976822572 0.69918250636726719804 0.27082869533296455300 0.00000000099999999995 0.00000000099999999995 
0.02406695714093411848 0.62322493304600379282 0.33457094503695650189 0.01813716377610545896 0.00000000099999999999 
0.04809226502856915608 0.65601191932756253156 0.29589581364386829954 0.00000000099999999996 0.00000000099999999996 
0.06717998061139120181 0.55665454268364911172 0.37616547470495975691 0.00000000099999999995 0.00000000099999999995 
0.02243358295169720767 0.65721535110682038905 0.29102938763837682412 0.00000000910182306459 0.02932166920128256166 
0.00000000099999999992 0.74651428369437455856 0.25348571330562535975 0.00000000099999999992 0.00000000099999999992 
0.00000000099999999963 0.99999999600000000211 0.00000000099999999963 0.00000000099999999963 0.00000000099999999963 
0.00000000099999999991 0.66799520213805696489 0.33200479486194306444 0.00000000099999999991 0.00000000099999999991 
0.00334594069267425296 0.74117124640563603055 0.25548281090168967200 0.00000000099999999997 0.00000000099999999997 
0.03085396494577878276 0.72320239861929858094 0.24594363443492259225 0.00000000099999999997 0.00000000099999999997 
0.01534379668771990168 0.70560821782015448189 0.27904798349212572850 0.00000000099999999995 0.00000000099999999995 
0.02028271986929614662 0.74057154473483954860 0.22087442523582406784 0.01827130916004018890 0.00000000099999999999 
0.00000000099999999991 0.81413815748172291276 0.18586183951827711658 0.00000000099999999991 0.00000000099999999991 
0.00000000099999999991 0.77447443772548907326 0.22552555927451092832 0.00000000099999999991 0.00000000099999999991 
0.00000000099999999967 0.99999999600000000211 0.00000000099999999967 0.00000000099999999967 0.00000000099999999967 
0.01439868013491099781 0.73470003947204243211 0.25090127839304654511 0.00000000099999999996 0.00000000099999999996 
0.79956125373435138481 0.00000000099999999999 0.00967431947879940531 0.10147605035332683820 0.08928837543352244333 
0.00000000099999999963 0.00000000099999999963 0.00000000099999999963 0.99999999599999989108 0.00000000099999999963 
0.00000000099999999955 0.00000000099999999955 0.00000000099999999955 0.99999999599999989108 0.00000000099999999955 
0.00000000099999999955 0.00000000099999999955 0.00000000099999999955 0.99999999600000000211 0.00000000099999999955 
0.00000000099999999952 0.00000000099999999952 0.00000000099999999952 0.99999999599999989108 0.00000000099999999952 
0.00000000099999999955 0.00000000099999999955 0.00000000099999999955 0.99999999599999989108 0.00000000099999999955 
0.00000000099999999955 0.00000000099999999955 0.00000000099999999955 0.99999999600000000211 0.00000000099999999955 
0.00000000099999999962 0.00000000099999999962 0.00000000099999999962 0.99999999599999989108 0.00000000099999999962 
0.00000000099999999961 0.00000000099999999961 0.00000000099999999961 0.99999999599999989108 0.00000000099999999961 
0.00000000099999999961 0.00000000099999999961 0.00000000099999999961 0.99999999599999989108 0.00000000099999999961 
0.00000000099999999973 0.00000000099999999973 0.00000000099999999973 0.99999999600000000211 0.00000000099999999973 
0.00000000099999999998 0.03144167809243898770 0.01876400988847073265 0.94979431001909020438 0.00000000099999999998 
0.00000000099999999970 0.00000000099999999970 0.00000000099999999970 0.99999999599999989108 0.00000000099999999970 
0.02860875370463076411 0.01560609679142648670 0.04340187065115617276 0.43533802305756125195 0.47704525579522533141 
0.11504563793718237952 0.06869950154814971621 0.02420217973468007447 0.34689338780264672435 0.44515929297734113668 
0.08765316853917433371 0.02371835558858396628 0.01328410512347287173 0.44731254667434844352 0.42803182407442047497 
0.10373609810535341924 0.00000000099999999995 0.00000000099999999995 0.89626389889464652683 0.00000000099999999995 
0.00000000099999999988 0.26023037036450480386 0.17877464552070487791 0.00000000099999999988 0.56099498211479015275 
0.99999999600000000211 0.00000000099999999937 0.00000000099999999937 0.00000000099999999937 0.00000000099999999937 
0.99999999600000011313 0.00000000099999999943 0.00000000099999999943 0.00000000099999999943 0.00000000099999999943 
0.99999999600000000211 0.00000000099999999942 0.00000000099999999942 0.00000000099999999942 0.00000000099999999942 
0.99999999600000011313 0.00000000099999999952 0.00000000099999999952 0.00000000099999999952 0.00000000099999999952 
0.99999999600000011313 0.00000000099999999938 0.00000000099999999938 0.00000000099999999938 0.00000000099999999938 
0.99999999600000011313 0.00000000099999999981 0.00000000099999999981 0.00000000099999999981 0.00000000099999999981 
0.91635673550249696628 0.00000000099999999994 0.00000000099999999994 0.08364326149750311856 0.00000000099999999994 
0.98103594157301199363 0.00000000099999999990 0.00000000099999999990 0.01896405542698805999 0.00000000099999999990 
0.66062973129284563445 0.00000000099999999997 0.00000000099999999997 0.22268126372413485359 0.11668900298301959628 
0.66031927252313382670 0.00000000099999999997 0.00000000099999999997 0.22247416648165041497 0.11720655899521584264 
0.54466752866718615156 0.00000000099999999997 0.00000000099999999997 0.23356740027006123173 0.22176506906275281206 
0.56156360580241182490 0.00000000099999999996 0.00000000099999999996 0.22725590621084421072 0.21118048598674415972 
0.99999999600000000211 0.00000000099999999940 0.00000000099999999940 0.00000000099999999940 0.00000000099999999940 
0.99999999600000011313 0.00000000099999999946 0.00000000099999999946 0.00000000099999999946 0.00000000099999999946 
0.99999999600000000211 0.00000000099999999963 0.00000000099999999963 0.00000000099999999963 0.00000000099999999963 
0.00000000099999999960 0.00000000099999999960 0.00000000099999999960 0.99999999600000000211 0.00000000099999999960 
0.00000000099999999954 0.00000000099999999954 0.00000000099999999954 0.99999999599999989108 0.00000000099999999954 
0.00000000099999999953 0.00000000099999999953 0.00000000099999999953 0.99999999599999989108 0.00000000099999999953 
0.00000000099999999953 0.00000000099999999953 0.00000000099999999953 0.99999999599999989108 0.00000000099999999953 
0.00000000099999999983 0.24808266109144350153 0.17808215184477185766 0.00000000099999999983 0.57383518506378450308 
0.00000000099999999984 0.23643520195088979508 0.17494235165321148084 0.00000000099999999984 0.58862244439589872513 
0.00000000099999999983 0.22129798233302397370 0.17509366419708333185 0.00000000099999999983 0.60360835146989266775 
0.00000000099999999984 0.24570626021524583082 0.17798020257450905546 0.00000000099999999984 0.57631353521024508701 
0.00000000099999999983 0.25138150516568469328 0.18446229895871527060 0.00000000099999999983 0.56415619387560000941 
0.00000000099999999987 0.23096052192431920647 0.17719294862125981038 0.00000000099999999987 0.59184652745442090094 
0.01829727433726664743 0.00000000099999999995 0.00000000099999999995 0.04358745079602945049 0.93811527286670393089 
0.00469964043359532950 0.00000000099999999997 0.00000000099999999997 0.00074914984075061697 0.99455120772565397402 
0.02475970952833614000 0.00000000099999999996 0.00000000099999999996 0.02120936396372658309 0.95403092450793736123 
0.04376812373631071285 0.00000000099999999996 0.00000000099999999996 0.04369729713201122440 0.91253457713167807075 
0.03123527653396352202 0.00000000099999999997 0.00000000099999999997 0.02755695307794576651 0.94120776838809061537 
0.01118512128850951415 0.00000000099999999994 0.00000000099999999994 0.01848603787440624910 0.97032883883708420658 
0.05922437630124884750 0.00000000099999999997 0.00000000099999999997 0.04962860492661778922 0.89114701677213337128 
0.03377820683974974009 0.00000000099999999997 0.00000000099999999997 0.01124708254954448830 0.95497470861070576920 
0.04542114420398752489 0.00000000099999999997 0.00000000099999999997 0.00977598939229169968 0.94480286440372063250 
0.04150658606326590450 0.00000000099999999997 0.00000000099999999997 0.01854405573513515093 0.93994935620159880685 
0.04809999616528332772 0.00000000099999999996 0.00000000099999999996 0.02199498720107116723 0.92990501463364561019 
0.06557214010638703905 0.01869389565274581430 0.00000000099999999999 0.01771000992722801537 0.89802395331363915609 
0.05633952304226367419 0.00000000099999999997 0.00000000099999999997 0.02821766208051695868 0.91544281287721929186 
0.06282347529386571316 0.00000000099999999996 0.00000000099999999996 0.02261058131667340737 0.91456594138946090133 
0.00000000099999999993 0.00000000099999999993 0.00000000099999999993 0.00051534992722506909 0.99948464707277495656 
0.03273859160526461365 0.00000000099999999997 0.00000000099999999997 0.02155215418188566670 0.94570925221284962703 
0.00000000099999999995 0.00000000099999999995 0.00000000099999999995 0.00000000099999999995 0.99999999599999989108 
0.00000000099999999985 0.00000000099999999985 0.00000000099999999985 0.00000000099999999985 0.99999999599999989108 
0.00000000099999999986 0.00000000099999999986 0.00000000099999999986 0.00000000099999999986 0.99999999599999989108 
0.00000000099999999991 0.00000000099999999991 0.00000000099999999991 0.00000000099999999991 0.99999999600000000211 
0.00000000099999999990 0.00000000099999999990 0.00000000099999999990 0.00000000099999999990 0.99999999600000000211 
0.00000000099999999986 0.00000000099999999986 0.00000000099999999986 0.00000000099999999986 0.99999999599999989108 
0.00000000099999999989 0.00000000099999999989 0.00000000099999999989 0.00000000099999999989 0.99999999600000000211 
0.03274911707995364907 0.02255511156978076345 0.00000000099999999998 0.01584721029899354913 0.92884856005127203193 
0.00000000099999999993 0.00000000099999999993 0.00000000099999999993 0.00000000099999999993 0.99999999599999989108 
0.00000000099999999993 0.00000000099999999993 0.00000000099999999993 0.01675294280764216825 0.98324705419235791659 
0.00000037937570900130 0.00000000099999999995 0.00000000099999999995 0.00000000099999999995 0.99999961762429090406 
0.02875026837056009199 0.00000000099999999999 0.00000219390481505592 0.01743439144138833954 0.95381314528323646318 
0.00000000099999999993 0.00000000099999999993 0.00000000099999999993 0.00000000099999999993 0.99999999599999989108 
0.00000000099999999993 0.00000000099999999993 0.00000000099999999993 0.00000000099999999993 0.99999999600000000211 
0.00000001451184530844 0.00000000099999999993 0.00000000099999999993 0.00000000099999999993 0.99999998248815469282 
0.00928436399081420186 0.00000000099999999994 0.00000000099999999994 0.00000000099999999994 0.99071563300918585870 
0.00000000099999999993 0.00000000099999999993 0.00000000099999999993 0.00775642433847521708 0.99224357266152474200 
0.00000000099999999992 0.00000000099999999992 0.00000000099999999992 0.00000000099999999992 0.99999999600000000211 
0.01293881775973832089 0.00000000099999999993 0.00000000099999999993 0.00000000099999999993 0.98706117924026159915 
0.00000000099999999990 0.00000000099999999990 0.00000000099999999990 0.00000000099999999990 0.99999999599999989108 
0.00009862611061422430 0.00000000099999999994 0.00000000099999999994 0.00000000402607853996 0.99990136786330718888 
0.01897581328068939990 0.00000000099999999992 0.00000000099999999992 0.00000000099999999992 0.98102418371931066066 
