0.00576322874182947850 0.32733090139316273204 0.54668391199732746522 0.00000000099999999998 0.09557713876878387582 0.02464481809889646630 
0.00345723793875129951 0.28580223347690580926 0.66527988344008903709 0.00000000099999999996 0.04546064314425390940 0.00000000099999999996 
0.00000000099999999942 0.00000000099999999942 0.99999999499999991937 0.00000000099999999942 0.00000000099999999942 0.00000000099999999942 
0.00000000099999999942 0.00000000099999999942 0.99999999499999991937 0.00000000099999999942 0.00000000099999999942 0.00000000099999999942 
0.00000000099999999958 0.00000000099999999958 0.99999999499999991937 0.00000000099999999958 0.00000000099999999958 0.00000000099999999958 
0.01140528521191558689 0.32952468534276380119 0.59191881093601539376 0.00000000099999999998 0.04264074775587021332 0.02451046975343494985 
0.00000000099999999944 0.00000000099999999944 0.99999999500000003039 0.00000000099999999944 0.00000000099999999944 0.00000000099999999944 
0.00000000099999999959 0.00000000099999999959 0.99999999499999991937 0.00000000099999999959 0.00000000099999999959 0.00000000099999999959 
0.00000000099999999997 0.29538234294599768903 0.70441392348173992310 0.00000000099999999997 0.00020352241191317846 0.00000020916034906291 
0.00000000099999999988 0.29328046089109438554 0.70671953510890550554 0.00000000099999999988 0.00000000099999999988 0.00000000099999999988 
0.00474356690343431288 0.25164139882668767889 0.62199257149277920043 0.00000000099999999997 0.08658242246032529787 0.03504003931677363709 
0.01270047113654847182 0.36106555293876929635 0.58526369976800618478 0.00000000099999999998 0.03437509717555083805 0.00659517798112523815 
0.00000000099999999921 0.99999999500000003039 0.00000000099999999921 0.00000000099999999921 0.00000000099999999921 0.00000000099999999921 
0.00000000099999999920 0.99999999500000014141 0.00000000099999999920 0.00000000099999999920 0.00000000099999999920 0.00000000099999999920 
0.00000000099999999919 0.99999999500000003039 0.00000000099999999919 0.00000000099999999919 0.00000000099999999919 0.00000000099999999919 
0.00000000099999999936 0.99999999500000014141 0.00000000099999999936 0.00000000099999999936 0.00000000099999999936 0.00000000099999999936 
0.00000000099999999936 0.99999999500000003039 0.00000000099999999936 0.00000000099999999936 0.00000000099999999936 0.00000000099999999936 
0.00000000099999999936 0.99999999500000003039 0.00000000099999999936 0.00000000099999999936 0.00000000099999999936 0.00000000099999999936 
0.00000000099999999979 0.31581834628095667439 0.68418164971904327221 0.00000000099999999979 0.00000000099999999979 0.00000000099999999979 
0.00000000099999999978 0.33345175417861183664 0.66654824182138816546 0.00000000099999999978 0.00000000099999999978 0.00000000099999999978 
0.00000000099999999981 0.29264067560301282311 0.70735932039698723450 0.00000000099999999981 0.00000000099999999981 0.00000000099999999981 
0.00000000099999999981 0.29265598064013570445 0.70734401535986435317 0.00000000099999999981 0.00000000099999999981 0.00000000099999999981 
0.00000000099999999981 0.32145403772708852630 0.67854595827291142029 0.00000000099999999981 0.00000000099999999981 0.00000000099999999981 
0.00000000099999999923 0.99999999500000003039 0.00000000099999999923 0.00000000099999999923 0.00000000099999999923 0.00000000099999999923 
0.00000000099999999928 0.99999999500000003039 0.00000000099999999928 0.00000000099999999928 0.00000000099999999928 0.00000000099999999928 
0.00000000099999999929 0.99999999500000014141 0.00000000099999999929 0.00000000099999999929 0.00000000099999999929 0.00000000099999999929 
0.00000000099999999971 0.99999999500000014141 0.00000000099999999971 0.00000000099999999971 0.00000000099999999971 0.00000000099999999971 
0.00000000099999999950 0.99999999500000014141 0.00000000099999999950 0.00000000099999999950 0.00000000099999999950 0.00000000099999999950 
0.00000000099999999975 0.93153822112615836115 0.06846177487384164095 0.00000000099999999975 0.00000000099999999975 0.00000000099999999975 
0.00000000099999999982 0.84046121939110773891 0.15953877660889223544 0.00000000099999999982 0.00000000099999999982 0.00000000099999999982 
0.00000000099999999996 0.25521183280419779127 0.71659800161474496161 0.00000000099999999996 0.02819016258105712380 0.00000000099999999996 
0.00000000099999999991 0.21600017355921072304 0.74533233141505617070 0.00000000099999999991 0.03866749202573326744 0.00000000099999999991 
0.00000000099999999995 0.27614599498656366983 0.69048889242772648611 0.00000000099999999995 0.00816464663529769055 0.02520046395041218926 
0.01322358203295045768 0.32000630101445132203 0.57218220993306323496 0.00000000099999999998 0.07481639575164425460 0.01977151026789082319 
0.00000000099999999995 0.29243159742433905146 0.62034541499076012450 0.00000000099999999995 0.04541499604255288397 0.04180798954234782316 
0.00000000099999999995 0.37736802264772290050 0.54242069818921601065 0.00000000099999999995 0.01770691037944988402 0.06250436678361133425 
0.00000000495472342124 0.28213287910525608471 0.62475988008634897319 0.00948925050158227340 0.06457758218858422605 0.01904040316350510270 
0.00000000099999999992 0.25791852227138073461 0.73666926718558467524 0.00000000099999999992 0.00541220754303451713 0.00000000099999999992 
0.00000000099999999958 0.00000000099999999958 0.99999999499999991937 0.00000000099999999958 0.00000000099999999958 0.00000000099999999958 
0.00000000099999999989 0.31899517585069725456 0.60501625113261925382 0.00000000099999999989 0.07598857001668339606 0.00000000099999999989 
0.00000000099999999996 0.25164980337593545467 0.71338658013851885542 0.00000000099999999996 0.03496361348554556658 0.00000000099999999996 
0.00000000099999999997 0.24332301877990930583 0.69937080779653526541 0.00000000099999999997 0.03396308428986178490 0.02334308713369374552 
0.00000000099999999995 0.27835417523351579927 0.68592213630451193129 0.00000000099999999995 0.02848019924079068024 0.00724348722118162407 
0.01287338858025281925 0.21714147040099093799 0.70589154126476982842 0.00000000099999999999 0.05056920626572909694 0.01352439248825730231 
0.00000000099999999991 0.19076845532640021585 0.79743522061549720892 0.00000000099999999991 0.01179632105810260456 0.00000000099999999991 
0.00000000099999999991 0.23186311513496732362 0.76813687645971329143 0.00000000099999999991 0.00000000540531939836 0.00000000099999999991 
0.00000000099999999961 0.00000000099999999961 0.99999999499999991937 0.00000000099999999961 0.00000000099999999961 0.00000000099999999961 
0.00000000099999999996 0.24945523751108408805 0.71180064130398135180 0.00000000099999999996 0.03207052134907251162 0.00667359783586209641 
0.10006123666020551310 0.01044251503139858456 0.00000000099999999997 0.09363634030600993807 0.00000000099999999997 0.79585990600238598613 
0.99999999500000014141 0.00000000099999999951 0.00000000099999999951 0.00000000099999999951 0.00000000099999999951 0.00000000099999999951 
0.99999999500000003039 0.00000000099999999942 0.00000000099999999942 0.00000000099999999942 0.00000000099999999942 0.00000000099999999942 
0.99999999500000003039 0.00000000099999999942 0.00000000099999999942 0.00000000099999999942 0.00000000099999999942 0.00000000099999999942 
0.99999999500000014141 0.00000000099999999938 0.00000000099999999938 0.00000000099999999938 0.00000000099999999938 0.00000000099999999938 
0.99999999500000014141 0.00000000099999999942 0.00000000099999999942 0.00000000099999999942 0.00000000099999999942 0.00000000099999999942 
0.99999999500000014141 0.00000000099999999942 0.00000000099999999942 0.00000000099999999942 0.00000000099999999942 0.00000000099999999942 
0.99999999500000014141 0.00000000099999999951 0.00000000099999999951 0.00000000099999999951 0.00000000099999999951 0.00000000099999999951 
0.99999999500000014141 0.00000000099999999950 0.00000000099999999950 0.00000000099999999950 0.00000000099999999950 0.00000000099999999950 
0.99999999500000003039 0.00000000099999999949 0.00000000099999999949 0.00000000099999999949 0.00000000099999999949 0.00000000099999999949 
0.99999999500000003039 0.00000000099999999965 0.00000000099999999965 0.00000000099999999965 0.00000000099999999965 0.00000000099999999965 
0.94564707484654919600 0.00000000099999999989 0.00000000099999999989 0.00000000099999999989 0.05435292115345088937 0.00000000099999999989 
0.99999999500000014141 0.00000000099999999961 0.00000000099999999961 0.00000000099999999961 0.00000000099999999961 0.00000000099999999961 
0.43297084481205222461 0.03069707170623673861 0.00028195751748483981 0.45190730442589549520 0.05896525387822630637 0.02517756766010447594 
0.34061534848895641536 0.02924188109505933969 0.06822714548888386688 0.45888620708297961359 0.00001404175955920155 0.10301537608456164119 
0.44147728110166994941 0.01536461229833994621 0.02450403921767671869 0.44197161271301654839 0.00000000099999999999 0.07668245366929689333 
0.89648731771959788706 0.00000000099999999994 0.00000000099999999994 0.00000000099999999994 0.00000000099999999994 0.10351267828040229546 
0.00000000099999999994 0.05481908186568047736 0.12408265387969025229 0.09886986488125641681 0.72222839737337285460 0.00000000099999999994 
0.00000000099999999919 0.00000000099999999919 0.00000000099999999919 0.00000000099999999919 0.00000000099999999919 0.99999999499999991937 
0.00000000099999999926 0.00000000099999999926 0.00000000099999999926 0.00000000099999999926 0.00000000099999999926 0.99999999499999991937 
0.00000000099999999926 0.00000000099999999926 0.00000000099999999926 0.00000000099999999926 0.00000000099999999926 0.99999999499999991937 
0.00000000099999999938 0.00000000099999999938 0.00000000099999999938 0.00000000099999999938 0.00000000099999999938 0.99999999500000003039 
0.00000000099999999920 0.00000000099999999920 0.00000000099999999920 0.00000000099999999920 0.00000000099999999920 0.99999999500000003039 
0.00000000099999999975 0.00000000099999999975 0.00000000099999999975 0.00000000099999999975 0.00000000099999999975 0.99999999500000003039 
0.08415593115450897832 0.00000000099999999993 0.00000000099999999993 0.00000000099999999993 0.00000000099999999993 0.91584406484549107930 
0.02023301298691664030 0.00000000099999999986 0.00000000099999999986 0.00000000099999999986 0.00000000099999999986 0.97976698301308329242 
0.21546819664976679665 0.00000000099999999994 0.00000000099999999994 0.14247272304308281066 0.00000000099999999994 0.64205907730715039428 
0.21528083250657889525 0.00000000099999999994 0.00000000099999999994 0.14293976364806712520 0.00000000099999999994 0.64177940084535400889 
0.22844404769853832171 0.00000000099999999994 0.00000000099999999994 0.24159603735191961804 0.00000000099999999994 0.52995991194954206183 
0.22168215502565344344 0.00000000099999999993 0.00000000099999999993 0.23303467730080648646 0.00000000099999999993 0.54528316467353998842 
0.00000000099999999923 0.00000000099999999923 0.00000000099999999923 0.00000000099999999923 0.00000000099999999923 0.99999999500000003039 
0.00000000099999999930 0.00000000099999999930 0.00000000099999999930 0.00000000099999999930 0.00000000099999999930 0.99999999499999991937 
0.00000000099999999951 0.00000000099999999951 0.00000000099999999951 0.00000000099999999951 0.00000000099999999951 0.99999999499999991937 
0.99999999500000014141 0.00000000099999999949 0.00000000099999999949 0.00000000099999999949 0.00000000099999999949 0.00000000099999999949 
0.99999999500000014141 0.00000000099999999941 0.00000000099999999941 0.00000000099999999941 0.00000000099999999941 0.00000000099999999941 
0.99999999500000014141 0.00000000099999999940 0.00000000099999999940 0.00000000099999999940 0.00000000099999999940 0.00000000099999999940 
0.99999999500000003039 0.00000000099999999940 0.00000000099999999940 0.00000000099999999940 0.00000000099999999940 0.00000000099999999940 
0.00000000099999999918 0.00000000099999999918 0.00000000099999999918 0.00000000099999999918 0.99999999500000003039 0.00000000099999999918 
0.00000000099999999933 0.00000000099999999933 0.00000000099999999933 0.00000000099999999933 0.99999999499999991937 0.00000000099999999933 
0.00000000099999999922 0.00000000099999999922 0.00000000099999999922 0.00000000099999999922 0.99999999500000003039 0.00000000099999999922 
0.00000000099999999932 0.00000000099999999932 0.00000000099999999932 0.00000000099999999932 0.99999999500000003039 0.00000000099999999932 
0.00000000099999999918 0.00000000099999999918 0.00000000099999999918 0.00000000099999999918 0.99999999500000003039 0.00000000099999999918 
0.00000000099999999942 0.00000000099999999942 0.00000000099999999942 0.00000000099999999942 0.99999999499999991937 0.00000000099999999942 
0.02968828401677346684 0.00000000099999999996 0.00000000099999999996 0.96876001459152960571 0.00124325389183129820 0.00030844549986548377 
0.00000000099999999994 0.00000000099999999994 0.00000000099999999994 0.96271776971069811246 0.03728222628930194515 0.00000000099999999994 
0.00167587862028116302 0.00000000099999999996 0.00000000099999999996 0.97929361555278215956 0.00950872041624570979 0.00952178341069105302 
0.02744047011428529456 0.00000000099999999997 0.00000000099999999997 0.94010038844643162292 0.00351312386275041445 0.02894601557653279575 
0.01292253250051517664 0.00000000099999999997 0.00000000099999999997 0.95841783254565537931 0.00821397543980309681 0.02044565751402626849 
0.00001465510553387934 0.00000000099999999994 0.00000000099999999994 0.99998534089446600159 0.00000000099999999994 0.00000000099999999994 
0.03627601010289945721 0.00000000099999999997 0.00000000099999999997 0.88894122677781794994 0.02918128300081426069 0.04560147811846841648 
0.00000000099999999997 0.00000000099999999997 0.00000000099999999997 0.96766143185041153529 0.01630645793701341467 0.01603210721257495447 
0.00000000099999999997 0.00000000099999999997 0.00000000099999999997 0.95194397538188268992 0.02109498562880195507 0.02696103598931529760 
0.00001053021069424539 0.00000000099999999998 0.00000000099999999998 0.95949088206426147440 0.01250762064087463689 0.02799096508416967777 
0.00320400909351576573 0.00000000099999999997 0.00000000099999999997 0.96297025860799823072 0.00007520327025573458 0.03375052702823018447 
0.00226132953150997911 0.00000000099999999999 0.02199246747113200659 0.90951291736763373308 0.00979153077075544352 0.05644175385896896269 
0.01226496674901866174 0.00000000099999999997 0.00000000099999999997 0.92670562347008300641 0.01840860818060857662 0.04262079960028972159 
0.00405455269891236494 0.00000000099999999996 0.00000000099999999996 0.94824775701305674680 0.00076461024914939901 0.04693307803888162322 
0.00000000099999999991 0.00000000099999999991 0.00000000099999999991 0.97692837842994995068 0.02307161757005008612 0.00000000099999999991 
0.00241020277779326660 0.00000000099999999997 0.00000000099999999997 0.96947488912337320688 0.00994871148238151218 0.01816619461645197983 
0.00000000099999999993 0.00000000099999999993 0.00000000099999999993 0.97039417838640018577 0.02960581761359986838 0.00000000099999999993 
0.00000000099999999981 0.00000000099999999981 0.00000000099999999981 0.99999999500000003039 0.00000000099999999981 0.00000000099999999981 
0.00000000099999999985 0.00000000099999999985 0.00000000099999999985 0.99999999500000003039 0.00000000099999999985 0.00000000099999999985 
0.00000000099999999987 0.00000000099999999987 0.00000000099999999987 0.99999999499999991937 0.00000000099999999987 0.00000000099999999987 
0.00000000099999999987 0.00000000099999999987 0.00000000099999999987 0.99999999499999991937 0.00000000099999999987 0.00000000099999999987 
0.00000000099999999985 0.00000000099999999985 0.00000000099999999985 0.99999999499999991937 0.00000000099999999985 0.00000000099999999985 
0.00000000099999999985 0.00000000099999999985 0.00000000099999999985 0.99999999500000003039 0.00000000099999999985 0.00000000099999999985 
0.00159459907393148391 0.00000000099999999997 0.02894292024371130159 0.95147553131625350886 0.00000000099999999997 0.01798694736610376849 
0.00000000099999999991 0.00000000099999999991 0.00000000099999999991 0.99912307190184324046 0.00087692409815676186 0.00000000099999999991 
0.00000000099999999990 0.00000000099999999990 0.00000000099999999990 0.99999999499999991937 0.00000000099999999990 0.00000000099999999990 
0.00000000099999999991 0.00000000099999999991 0.00000000099999999991 0.98967065309608104329 0.01032934290391884086 0.00000000099999999991 
0.00000240614396129762 0.00079318598603216799 0.00000000099999999998 0.98479916327141459043 0.00000000099999999998 0.01440524259859196805 
0.00000000099999999988 0.00000000099999999988 0.00000000099999999988 0.99999999500000003039 0.00000000099999999988 0.00000000099999999988 
0.00000000099999999990 0.00000000099999999990 0.00000000099999999990 0.99999999500000003039 0.00000000099999999990 0.00000000099999999990 
0.00000000099999999991 0.00000000099999999991 0.00000000099999999991 0.99971892983143106903 0.00028106616856880400 0.00000000099999999991 
0.00000000099999999991 0.00000000099999999991 0.00000000099999999991 0.99034818388078271756 0.00965181211921735047 0.00000000099999999991 
0.00000000099999999990 0.00000000099999999990 0.00000000099999999990 0.99999999500000003039 0.00000000099999999990 0.00000000099999999990 
0.00000000099999999990 0.00000000099999999990 0.00000000099999999990 0.99999999499999991937 0.00000000099999999990 0.00000000099999999990 
0.00000000099999999991 0.00000000099999999991 0.00000000099999999991 0.99999999500000003039 0.00000000099999999991 0.00000000099999999991 
0.00000000099999999988 0.00000000099999999988 0.00000000099999999988 0.99999999499999991937 0.00000000099999999988 0.00000000099999999988 
0.00000000099999999990 0.00000000099999999990 0.00000000099999999990 0.99999999499999991937 0.00000000099999999990 0.00000000099999999990 
0.00000000099999999990 0.00000000099999999990 0.00000000099999999990 0.99999999499999991937 0.00000000099999999990 0.00000000099999999990 
