0.00000000099999999996 0.00000000099999999996 0.06192019499567854440 0.27368926962535589098 0.32645172007701461769 0.00000000099999999996 0.33793881230195094156 
0.01883628211943945766 0.00000000099999999994 0.00000000099999999994 0.24889929330628710047 0.27859493424209730295 0.00000000099999999994 0.45366948733217615786 
0.00000000099999999911 0.00000000099999999911 0.00000000099999999911 0.00000000099999999911 0.00000000099999999911 0.00000000099999999911 0.99999999399999994765 
0.00000000099999999911 0.00000000099999999911 0.00000000099999999911 0.00000000099999999911 0.00000000099999999911 0.00000000099999999911 0.99999999400000005867 
0.00000000099999999940 0.00000000099999999940 0.00000000099999999940 0.00000000099999999940 0.00000000099999999940 0.00000000099999999940 0.99999999400000005867 
0.00549073973196432044 0.00000000099999999997 0.05312600922784729840 0.28146541885955650431 0.28321967398040304165 0.00295229142794390699 0.37374586577228496864 
0.00000000099999999918 0.00000000099999999918 0.00000000099999999918 0.00000000099999999918 0.00000000099999999918 0.00000000099999999918 0.99999999399999994765 
0.00000000099999999945 0.00000000099999999945 0.00000000099999999945 0.00000000099999999945 0.00000000099999999945 0.00000000099999999945 0.99999999399999994765 
0.00000000099999999994 0.00000000099999999994 0.05204974231564733766 0.24704383831840767693 0.25929243780533056674 0.00000000099999999994 0.44161397856061462841 
0.00000000099999999991 0.00000000099999999991 0.01117737482586834800 0.25403064123836222032 0.27474024044941519618 0.00000000099999999991 0.46005174048635427697 
0.00000000099999999995 0.00000000099999999995 0.08296185330307638550 0.19932622971323205041 0.33908932067338026783 0.00000000099999999995 0.37862259331031139498 
0.00000000099999999995 0.00000000099999999995 0.07010161500173406335 0.32109089537805080017 0.20999902857794552902 0.00000000099999999995 0.39880845804226960905 
0.00000000099999999908 0.00000000099999999908 0.00000000099999999908 0.99999999399999994765 0.00000000099999999908 0.00000000099999999908 0.00000000099999999908 
0.00000000099999999907 0.00000000099999999907 0.00000000099999999907 0.99999999399999994765 0.00000000099999999907 0.00000000099999999907 0.00000000099999999907 
0.00000000099999999906 0.00000000099999999906 0.00000000099999999906 0.99999999400000005867 0.00000000099999999906 0.00000000099999999906 0.00000000099999999906 
0.00000000099999999925 0.00000000099999999925 0.00000000099999999925 0.99999999400000005867 0.00000000099999999925 0.00000000099999999925 0.00000000099999999925 
0.00000000099999999925 0.00000000099999999925 0.00000000099999999925 0.99999999400000005867 0.00000000099999999925 0.00000000099999999925 0.00000000099999999925 
0.00000000099999999925 0.00000000099999999925 0.00000000099999999925 0.99999999400000005867 0.00000000099999999925 0.00000000099999999925 0.00000000099999999925 
0.00000000099999999963 0.00000000099999999963 0.00000000099999999963 0.01297485944330741513 0.98702513555669257883 0.00000000099999999963 0.00000000099999999963 
0.00000000099999999960 0.00000000099999999960 0.00000000099999999960 0.01655511634143166586 0.98344487865856833331 0.00000000099999999960 0.00000000099999999960 
0.00000000099999999969 0.00000000099999999969 0.00000000099999999969 0.00002499298075321811 0.99997500201924671703 0.00000000099999999969 0.00000000099999999969 
0.00000000099999999969 0.00000000099999999969 0.00000000099999999969 0.00000439951072031846 0.99999559548927974273 0.00000000099999999969 0.00000000099999999969 
0.00000000099999999962 0.00000000099999999962 0.00000000099999999962 0.00000000099999999962 0.99999999400000005867 0.00000000099999999962 0.00000000099999999962 
0.00000000099999999908 0.00000000099999999908 0.00000000099999999908 0.99999999399999994765 0.00000000099999999908 0.00000000099999999908 0.00000000099999999908 
0.00000000099999999914 0.00000000099999999914 0.00000000099999999914 0.99999999400000005867 0.00000000099999999914 0.00000000099999999914 0.00000000099999999914 
0.00000000099999999917 0.00000000099999999917 0.00000000099999999917 0.99999999400000005867 0.00000000099999999917 0.00000000099999999917 0.00000000099999999917 
0.00000000099999999965 0.00000000099999999965 0.00000000099999999965 0.99999999400000005867 0.00000000099999999965 0.00000000099999999965 0.00000000099999999965 
0.00000000099999999940 0.00000000099999999940 0.00000000099999999940 0.99999999399999994765 0.00000000099999999940 0.00000000099999999940 0.00000000099999999940 
0.00000000099999999970 0.00000000099999999970 0.00000000099999999970 0.93010818990188326438 0.00000000099999999970 0.00000000099999999970 0.06989180509811683539 
0.00000000099999999983 0.00000000099999999983 0.00000000099999999983 0.85289378738751875364 0.00000000099999999983 0.00000000099999999983 0.14710620761248113797 
0.00000000099999999993 0.00000000099999999993 0.04333846950932083997 0.20557632963538985393 0.26204992987312081265 0.00000000099999999993 0.48903526798216861993 
0.00000000099999999992 0.00000000099999999992 0.02306504784835411784 0.18472334891077046848 0.22269525883725715953 0.00000000099999999992 0.56951634140361828695 
0.00000000099999999993 0.00000000099999999993 0.06677358199609632894 0.23538002656133755197 0.20616216068968837294 0.00000000099999999993 0.49168422775287784487 
0.00000000099999999996 0.00000000099999999996 0.08085147966143972631 0.27792737450505894392 0.26513044776645566802 0.00000000099999999996 0.37609069506704578822 
0.00000000099999999994 0.00000000099999999994 0.08247700851859440796 0.24753528946563099766 0.27330708808873449556 0.00000000845669324823 0.39668060347034689306 
0.00000000099999999995 0.00000000099999999995 0.03364125625880634574 0.34333389070002429122 0.21910065816974863551 0.05266874578347031238 0.35125544708795047866 
0.00000000099999999997 0.00000000099999999997 0.06957942499819003146 0.23686763237901573009 0.27937500454771135860 0.00000000099999999997 0.41417793507508288142 
0.00000000099999999994 0.00000000099999999994 0.00877871912725100567 0.22226726943449640062 0.22031884939406587431 0.00000000099999999994 0.54863515904418669322 
0.00000000099999999951 0.00000000099999999951 0.00000000099999999951 0.00000000099999999951 0.00000000099999999951 0.00000000099999999951 0.99999999399999994765 
0.00000000099999999991 0.00000000099999999991 0.00000000099999999991 0.28916202643487282087 0.28310788905254585801 0.00000000099999999991 0.42773008051258115669 
0.00000000099999999994 0.00000000099999999994 0.04071218038192787880 0.20143997291142792805 0.26662510206574663307 0.00000000099999999994 0.49122274164089774207 
0.00000000099999999995 0.00000000099999999995 0.06262942475651452068 0.20699150190151494044 0.21731049086285425531 0.00000000099999999995 0.51306857947911621576 
0.00000000099999999994 0.00000000099999999994 0.03194941688313310268 0.23500113136675845893 0.24626116260714062123 0.00000000099999999994 0.48678828614296787425 
0.00000000099999999997 0.00000000099999999997 0.06311587368172907886 0.17014475518933042109 0.30321324560163309680 0.00000000099999999997 0.46352612252730751585 
0.00000000099999999993 0.00000000099999999993 0.02049630546828085445 0.15025843728428636692 0.23542747814390688199 0.00000000099999999993 0.59381777610352581842 
0.00000000099999999993 0.00000000099999999993 0.01968814399423150091 0.21749714155170676855 0.13302896671634190096 0.00000000099999999993 0.62978574473771986586 
0.00000000099999999958 0.00000000099999999958 0.00000000099999999958 0.00000000099999999958 0.00000000099999999958 0.00000000099999999958 0.99999999400000005867 
0.00000000099999999994 0.00000000099999999994 0.04457787094867680239 0.20162916915595233136 0.26015165050522764956 0.00000000099999999994 0.49364130639014314195 
0.07149428465005339128 0.08436755572097183464 0.15258666366166484529 0.00768789321012412243 0.00000000099999999998 0.68381966105173075388 0.00004394070545487497 
0.99999999400000005867 0.00000000099999999947 0.00000000099999999947 0.00000000099999999947 0.00000000099999999947 0.00000000099999999947 0.00000000099999999947 
0.99999999400000005867 0.00000000099999999936 0.00000000099999999936 0.00000000099999999936 0.00000000099999999936 0.00000000099999999936 0.00000000099999999936 
0.99999999400000005867 0.00000000099999999935 0.00000000099999999935 0.00000000099999999935 0.00000000099999999935 0.00000000099999999935 0.00000000099999999935 
0.99999999400000016969 0.00000000099999999932 0.00000000099999999932 0.00000000099999999932 0.00000000099999999932 0.00000000099999999932 0.00000000099999999932 
0.99999999400000005867 0.00000000099999999936 0.00000000099999999936 0.00000000099999999936 0.00000000099999999936 0.00000000099999999936 0.00000000099999999936 
0.99999999400000005867 0.00000000099999999936 0.00000000099999999936 0.00000000099999999936 0.00000000099999999936 0.00000000099999999936 0.00000000099999999936 
0.99999999400000016969 0.00000000099999999946 0.00000000099999999946 0.00000000099999999946 0.00000000099999999946 0.00000000099999999946 0.00000000099999999946 
0.99999999400000005867 0.00000000099999999946 0.00000000099999999946 0.00000000099999999946 0.00000000099999999946 0.00000000099999999946 0.00000000099999999946 
0.99999999400000016969 0.00000000099999999946 0.00000000099999999946 0.00000000099999999946 0.00000000099999999946 0.00000000099999999946 0.00000000099999999946 
0.99999999400000016969 0.00000000099999999963 0.00000000099999999963 0.00000000099999999963 0.00000000099999999963 0.00000000099999999963 0.00000000099999999963 
0.94124446106828141279 0.00000000099999999988 0.00000000099999999988 0.00000000099999999988 0.05875553393171864536 0.00000000099999999988 0.00000000099999999988 
0.99999999400000005867 0.00000000099999999960 0.00000000099999999960 0.00000000099999999960 0.00000000099999999960 0.00000000099999999960 0.00000000099999999960 
0.36382624546974562385 0.41572157718287294781 0.13936013211682701796 0.02771116078264455884 0.05338088244790989423 0.00000000099999999998 0.00000000099999999998 
0.27934493937749521608 0.39941203061593671952 0.22746266972515477578 0.00462900534590928673 0.08317227672474218625 0.00000000100000000000 0.00597907721076177973 
0.37467261579451210940 0.39487288812896925716 0.20984420695103661592 0.00858313986977296550 0.01202714725570907216 0.00000000099999999999 0.00000000099999999999 
0.82474517299038185847 0.00000000099999999987 0.17525482200961817192 0.00000000099999999987 0.00000000099999999987 0.00000000099999999987 0.00000000099999999987 
0.00000000099999999988 0.20045983521389718063 0.00000000099999999988 0.00000000099999999988 0.75827367423009928160 0.00000000099999999988 0.04126648655600350518 
0.00000000099999999909 0.00000000099999999909 0.00000000099999999909 0.00000000099999999909 0.00000000099999999909 0.99999999399999994765 0.00000000099999999909 
0.00000000099999999917 0.00000000099999999917 0.00000000099999999917 0.00000000099999999917 0.00000000099999999917 0.99999999399999994765 0.00000000099999999917 
0.00000000099999999920 0.00000000099999999920 0.00000000099999999920 0.00000000099999999920 0.00000000099999999920 0.99999999400000005867 0.00000000099999999920 
0.00000000099999999938 0.00000000099999999938 0.00000000099999999938 0.00000000099999999938 0.00000000099999999938 0.99999999400000005867 0.00000000099999999938 
0.00000000099999999909 0.00000000099999999909 0.00000000099999999909 0.00000000099999999909 0.00000000099999999909 0.99999999400000005867 0.00000000099999999909 
0.00000001594009881064 0.00000000099999999978 0.06583210661520849660 0.00000000099999999978 0.00000000099999999978 0.93416787344469265353 0.00000000099999999978 
0.07253531369328368450 0.00000000099999999993 0.08025098138334751940 0.00000000099999999993 0.00000000099999999993 0.84721370092336878432 0.00000000099999999993 
0.00690679922727787700 0.00000000099999999988 0.10282791857156681203 0.00000000099999999988 0.00000000099999999988 0.89026527820115519685 0.00000000099999999988 
0.00000000099999999911 0.00000000099999999911 0.99999999400000005867 0.00000000099999999911 0.00000000099999999911 0.00000000099999999911 0.00000000099999999911 
0.00000000099999999911 0.00000000099999999911 0.99999999399999994765 0.00000000099999999911 0.00000000099999999911 0.00000000099999999911 0.00000000099999999911 
0.00000000099999999966 0.00000000099999999966 0.99999999400000005867 0.00000000099999999966 0.00000000099999999966 0.00000000099999999966 0.00000000099999999966 
0.00000000099999999949 0.00000000099999999949 0.99999999399999994765 0.00000000099999999949 0.00000000099999999949 0.00000000099999999949 0.00000000099999999949 
0.00000000099999999911 0.00000000099999999911 0.00000000099999999911 0.00000000099999999911 0.00000000099999999911 0.99999999400000005867 0.00000000099999999911 
0.00000000099999999920 0.00000000099999999920 0.00000000099999999920 0.00000000099999999920 0.00000000099999999920 0.99999999400000005867 0.00000000099999999920 
0.00000000099999999950 0.00000000099999999950 0.00000000099999999950 0.00000000099999999950 0.00000000099999999950 0.99999999399999994765 0.00000000099999999950 
0.99999999400000005867 0.00000000099999999945 0.00000000099999999945 0.00000000099999999945 0.00000000099999999945 0.00000000099999999945 0.00000000099999999945 
0.99999999400000005867 0.00000000099999999936 0.00000000099999999936 0.00000000099999999936 0.00000000099999999936 0.00000000099999999936 0.00000000099999999936 
0.99999999400000005867 0.00000000099999999933 0.00000000099999999933 0.00000000099999999933 0.00000000099999999933 0.00000000099999999933 0.00000000099999999933 
0.99999999400000016969 0.00000000099999999933 0.00000000099999999933 0.00000000099999999933 0.00000000099999999933 0.00000000099999999933 0.00000000099999999933 
0.00000000099999999935 0.00000000099999999935 0.00000000099999999935 0.00000000099999999935 0.99999999400000005867 0.00000000099999999935 0.00000000099999999935 
0.00000000099999999947 0.00000000099999999947 0.00000000099999999947 0.00000000099999999947 0.99999999400000005867 0.00000000099999999947 0.00000000099999999947 
0.00000000099999999939 0.00000000099999999939 0.00000000099999999939 0.00000000099999999939 0.99999999400000005867 0.00000000099999999939 0.00000000099999999939 
0.00000000099999999947 0.00000000099999999947 0.00000000099999999947 0.00000000099999999947 0.99999999399999994765 0.00000000099999999947 0.00000000099999999947 
0.00000000099999999934 0.00000000099999999934 0.00000000099999999934 0.00000000099999999934 0.99999999399999994765 0.00000000099999999934 0.00000000099999999934 
0.00000000099999999956 0.00000000099999999956 0.00000000099999999956 0.00000000099999999956 0.99999999399999994765 0.00000000099999999956 0.00000000099999999956 
0.00940627397210996689 0.93558885688148540893 0.05500486514640474944 0.00000000099999999993 0.00000000099999999993 0.00000000099999999993 0.00000000099999999993 
0.00000000099999999994 0.96926930327047267077 0.03073069172952747063 0.00000000099999999994 0.00000000099999999994 0.00000000099999999994 0.00000000099999999994 
0.00000000099999999993 0.94863703778967733982 0.05136295721032264200 0.00000000099999999993 0.00000000099999999993 0.00000000099999999993 0.00000000099999999993 
0.01768211657007138712 0.91741654881125789256 0.06489828731248296900 0.00000000099999999996 0.00000000099999999996 0.00000304430618763592 0.00000000099999999996 
0.00595284720842203206 0.94408489344212409566 0.03946491252362738927 0.00000000099999999997 0.00000000099999999997 0.01049734382582658866 0.00000000099999999997 
0.00000000099999999992 0.97876565316760077984 0.02123434183239934075 0.00000000099999999992 0.00000000099999999992 0.00000000099999999992 0.00000000099999999992 
0.01039260723272381580 0.87280117590034123065 0.10600188134761630299 0.00000000099999999997 0.00921091634987271021 0.00159341716944590844 0.00000000099999999997 
0.00000000099999999995 0.94946012127178647244 0.05053987372821359264 0.00000000099999999995 0.00000000099999999995 0.00000000099999999995 0.00000000099999999995 
0.00000000099999999995 0.93415111001954165282 0.06584888498045848859 0.00000000099999999995 0.00000000099999999995 0.00000000099999999995 0.00000000099999999995 
0.00000000099999999997 0.94476574865299423056 0.05279350110436373950 0.00000000099999999997 0.00000000099999999997 0.00244074624264200082 0.00000000099999999997 
0.00000000099999999994 0.93091580077303059948 0.06906078308152140133 0.00000000099999999994 0.00000000099999999994 0.00002341214544791937 0.00000000099999999994 
0.00000000099999999999 0.90178875382329259924 0.05918385431017628151 0.00000000099999999999 0.00000000099999999999 0.01900130580589943705 0.02002608306063182256 
0.00000435569451702598 0.91928557837107660600 0.07028935640743336211 0.00000000099999999997 0.00000000099999999997 0.01042070652697303298 0.00000000099999999997 
0.00000000099999999993 0.89395350099023029866 0.10604649400976966234 0.00000000099999999993 0.00000000099999999993 0.00000000099999999993 0.00000000099999999993 
0.00000000099999999990 0.99997124667304593260 0.00002874832695400248 0.00000000099999999990 0.00000000099999999990 0.00000000099999999990 0.00000000099999999990 
0.00000000099999999996 0.95478378519569040428 0.04521620980430975101 0.00000000099999999996 0.00000000099999999996 0.00000000099999999996 0.00000000099999999996 
0.00000000099999999993 0.99294844262630321818 0.00705155237369680006 0.00000000099999999993 0.00000000099999999993 0.00000000099999999993 0.00000000099999999993 
0.00000000099999999977 0.99999999400000016969 0.00000000099999999977 0.00000000099999999977 0.00000000099999999977 0.00000000099999999977 0.00000000099999999977 
0.00000000099999999980 0.99999999400000016969 0.00000000099999999980 0.00000000099999999980 0.00000000099999999980 0.00000000099999999980 0.00000000099999999980 
0.00000000099999999985 0.99999999400000005867 0.00000000099999999985 0.00000000099999999985 0.00000000099999999985 0.00000000099999999985 0.00000000099999999985 
0.00000000099999999986 0.99999999400000005867 0.00000000099999999986 0.00000000099999999986 0.00000000099999999986 0.00000000099999999986 0.00000000099999999986 
0.00000000099999999980 0.99999999400000016969 0.00000000099999999980 0.00000000099999999980 0.00000000099999999980 0.00000000099999999980 0.00000000099999999980 
0.00000000099999999983 0.99999999400000005867 0.00000000099999999983 0.00000000099999999983 0.00000000099999999983 0.00000000099999999983 0.00000000099999999983 
0.00698517317344264730 0.94698807892950920273 0.00643146275519666973 0.00000000099999999997 0.00000000099999999997 0.01603414764166402606 0.02356113550018754110 
0.00000000099999999989 0.99067796133464824937 0.00932203366535183306 0.00000000099999999989 0.00000000099999999989 0.00000000099999999989 0.00000000099999999989 
0.00000000099999999990 0.99999999400000005867 0.00000000099999999990 0.00000000099999999990 0.00000000099999999990 0.00000000099999999990 0.00000000099999999990 
0.00000000099999999990 0.99999999400000016969 0.00000000099999999990 0.00000000099999999990 0.00000000099999999990 0.00000000099999999990 0.00000000099999999990 
0.00000000099999999997 0.95245817420831990763 0.04754182079168032399 0.00000000099999999997 0.00000000099999999997 0.00000000099999999997 0.00000000099999999997 
0.00000000099999999987 0.99999999400000005867 0.00000000099999999987 0.00000000099999999987 0.00000000099999999987 0.00000000099999999987 0.00000000099999999987 
0.00000000099999999987 0.99999999400000005867 0.00000000099999999987 0.00000000099999999987 0.00000000099999999987 0.00000000099999999987 0.00000000099999999987 
0.00000000099999999988 0.97881970029603904138 0.02118029470396102371 0.00000000099999999988 0.00000000099999999988 0.00000000099999999988 0.00000000099999999988 
0.00000000099999999990 0.99999999400000005867 0.00000000099999999990 0.00000000099999999990 0.00000000099999999990 0.00000000099999999990 0.00000000099999999990 
0.00000000099999999988 0.99999999400000016969 0.00000000099999999988 0.00000000099999999988 0.00000000099999999988 0.00000000099999999988 0.00000000099999999988 
0.00000000099999999989 0.99999966593401723447 0.00000032906598280749 0.00000000099999999989 0.00000000099999999989 0.00000000099999999989 0.00000000099999999989 
0.00000000099999999989 0.99999999400000005867 0.00000000099999999989 0.00000000099999999989 0.00000000099999999989 0.00000000099999999989 0.00000000099999999989 
0.00000000099999999986 0.99999999400000005867 0.00000000099999999986 0.00000000099999999986 0.00000000099999999986 0.00000000099999999986 0.00000000099999999986 
0.00000000099999999989 0.99737696947160470184 0.00262302552839536757 0.00000000099999999989 0.00000000099999999989 0.00000000099999999989 0.00000000099999999989 
0.00000000099999999988 0.98199043565899779562 0.01800955934100215150 0.00000000099999999988 0.00000000099999999988 0.00000000099999999988 0.00000000099999999988 
