0.35393943444621350780 0.00000000099999999996 0.00000000099999999996 0.11491222496715801371 0.00000000099999999996 0.25646489307848524541 0.04778975155152195148 0.22689369295662126236 
0.43225062240397743585 0.00000000099999999992 0.00000000099999999992 0.05691833126063177567 0.00000000099999999992 0.20763833118580496406 0.00000000099999999992 0.30319271114958562530 
0.00000000099999999872 0.00000000099999999872 0.00000000099999999872 0.00000000099999999872 0.00000000099999999872 0.00000000099999999872 0.00000000099999999872 0.99999999299999997593 
0.00000000099999999872 0.00000000099999999872 0.00000000099999999872 0.00000000099999999872 0.00000000099999999872 0.00000000099999999872 0.00000000099999999872 0.99999999299999997593 
0.00000000099999999914 0.00000000099999999914 0.00000000099999999914 0.00000000099999999914 0.00000000099999999914 0.00000000099999999914 0.00000000099999999914 0.99999999300000008695 
0.37168370685772911255 0.00000002779572276631 0.00000000099999999997 0.05552514695177494103 0.00000000099999999997 0.26336039090294222076 0.04329576570650312678 0.26613495978532791808 
0.00000000099999999882 0.00000000099999999882 0.00000000099999999882 0.00000000099999999882 0.00000000099999999882 0.00000000099999999882 0.00000000099999999882 0.99999999300000008695 
0.00000000099999999928 0.00000000099999999928 0.00000000099999999928 0.00000000099999999928 0.00000000099999999928 0.00000000099999999928 0.00000000099999999928 0.99999999300000008695 
0.51639663302465255157 0.00000000099999999994 0.00000000099999999994 0.01223958973279250413 0.00000000099999999994 0.20793524789074474546 0.01310130083232925562 0.25032722551948100032 
0.52171045482691802420 0.00000000099999999986 0.00000000099999999986 0.00000000099999999986 0.00000000099999999986 0.21451982927720517069 0.00000000099999999986 0.26376971089587702979 
0.45173605897018986877 0.00000000099999999994 0.00000000099999999994 0.09939028738673129360 0.00000000099999999994 0.17307321837769787387 0.05570562112237120028 0.22009481114300966098 
0.33085089514703375224 0.00000000099999999995 0.00000000099999999995 0.04968208932283533358 0.00000000099999999995 0.29124450386035288796 0.05683017688600815881 0.27139233178376975797 
0.00000000099999999895 0.00000000099999999895 0.00000000099999999895 0.00000000099999999895 0.00000000099999999895 0.99999999299999997593 0.00000000099999999895 0.00000000099999999895 
0.00000000099999999895 0.00000000099999999895 0.00000000099999999895 0.00000000099999999895 0.00000000099999999895 0.99999999299999997593 0.00000000099999999895 0.00000000099999999895 
0.00000000099999999894 0.00000000099999999894 0.00000000099999999894 0.00000000099999999894 0.00000000099999999894 0.99999999299999997593 0.00000000099999999894 0.00000000099999999894 
0.00000000099999999915 0.00000000099999999915 0.00000000099999999915 0.00000000099999999915 0.00000000099999999915 0.99999999300000008695 0.00000000099999999915 0.00000000099999999915 
0.00000000099999999916 0.00000000099999999916 0.00000000099999999916 0.00000000099999999916 0.00000000099999999916 0.99999999299999997593 0.00000000099999999916 0.00000000099999999916 
0.00000000099999999915 0.00000000099999999915 0.00000000099999999915 0.00000000099999999915 0.00000000099999999915 0.99999999300000008695 0.00000000099999999915 0.00000000099999999915 
0.99999999300000008695 0.00000000099999999929 0.00000000099999999929 0.00000000099999999929 0.00000000099999999929 0.00000000099999999929 0.00000000099999999929 0.00000000099999999929 
0.99999999300000008695 0.00000000099999999925 0.00000000099999999925 0.00000000099999999925 0.00000000099999999925 0.00000000099999999925 0.00000000099999999925 0.00000000099999999925 
0.99999999300000019797 0.00000000099999999927 0.00000000099999999927 0.00000000099999999927 0.00000000099999999927 0.00000000099999999927 0.00000000099999999927 0.00000000099999999927 
0.99999999300000008695 0.00000000099999999927 0.00000000099999999927 0.00000000099999999927 0.00000000099999999927 0.00000000099999999927 0.00000000099999999927 0.00000000099999999927 
0.99999999300000019797 0.00000000099999999925 0.00000000099999999925 0.00000000099999999925 0.00000000099999999925 0.00000000099999999925 0.00000000099999999925 0.00000000099999999925 
0.00000000099999999895 0.00000000099999999895 0.00000000099999999895 0.00000000099999999895 0.00000000099999999895 0.99999999299999986491 0.00000000099999999895 0.00000000099999999895 
0.00000000099999999901 0.00000000099999999901 0.00000000099999999901 0.00000000099999999901 0.00000000099999999901 0.99999999299999997593 0.00000000099999999901 0.00000000099999999901 
0.00000000099999999905 0.00000000099999999905 0.00000000099999999905 0.00000000099999999905 0.00000000099999999905 0.99999999299999997593 0.00000000099999999905 0.00000000099999999905 
0.00000000099999999960 0.00000000099999999960 0.00000000099999999960 0.00000000099999999960 0.00000000099999999960 0.99999999300000008695 0.00000000099999999960 0.00000000099999999960 
0.00000000099999999933 0.00000000099999999933 0.00000000099999999933 0.00000000099999999933 0.00000000099999999933 0.99999999299999997593 0.00000000099999999933 0.00000000099999999933 
0.00000000099999999960 0.00000000099999999960 0.00000000099999999960 0.00000000099999999960 0.00000000099999999960 0.91843927429345528779 0.00000000099999999960 0.08156071970654465986 
0.00324590055214416364 0.00000000099999999981 0.00000000099999999981 0.00000000099999999981 0.00000000099999999981 0.85036667468515581003 0.00000000099999999981 0.14638741976269992184 
0.43500613868824622443 0.00000000099999999993 0.00000000099999999993 0.04400560145183689958 0.00000000099999999993 0.17845215030966432579 0.01925667242158287870 0.32327943412866949613 
0.31415044407564091111 0.00000000099999999993 0.00000000099999999993 0.06573952756470391456 0.00000000099999999993 0.15010304273327629287 0.02181050784993190245 0.44819647477644691813 
0.35777636316257743765 0.00000000099999999994 0.00000000099999999994 0.02508662975774706566 0.00000000099999999994 0.19955854469235731474 0.05128557990985324611 0.36629287947746475007 
0.34362274435432726971 0.00000000099999999996 0.00000000099999999996 0.09346437823029632441 0.00000000099999999996 0.25450371954549355635 0.06152103759775032904 0.24688811727213241798 
0.42133872021062329649 0.00000000099999999993 0.00000000099999999993 0.05659132124520283025 0.00000000099999999993 0.21733660763691706186 0.05953874350917851693 0.24519460439807816421 
0.37437210477157151223 0.05909649575035057223 0.00000000099999999995 0.02709353960973694131 0.00000000099999999995 0.31370506933567438024 0.00003237883973642584 0.22570040969293014843 
0.40373490947397988604 0.00000000099999999996 0.00000000099999999996 0.07902144319634533953 0.00000000099999999996 0.20905826253711107254 0.04940933386913480552 0.25877604792342889795 
0.33348488365807443801 0.00000000099999999995 0.00000000099999999995 0.03616244401900292615 0.00000000099999999995 0.18313749530100967289 0.00280018161571135354 0.44441499240620141453 
0.00000000099999999942 0.00000000099999999942 0.00000000099999999942 0.00000000099999999942 0.00000000099999999942 0.00000000099999999942 0.00000000099999999942 0.99999999299999997593 
0.32551841891638633175 0.00000000099999999990 0.00000000099999999990 0.10393567238949281972 0.00000000099999999990 0.26286168600577131116 0.00000000099999999990 0.30768421868834944233 
0.41994943545584373368 0.00000000099999999994 0.00000000099999999994 0.05196211069774544361 0.00000000099999999994 0.17122260086017476732 0.01926431655695762940 0.33760153342927823328 
0.34270389087052682831 0.00000000099999999996 0.00000000099999999996 0.05395303975369263039 0.00000000099999999996 0.17100667530202665056 0.05143462144280677717 0.38090176963094690699 
0.40298313418365350191 0.00000204775522847850 0.00000000099999999995 0.04637506399069614427 0.00000000099999999995 0.20260042637210304295 0.01420167204643236515 0.33383765365188622365 
0.46251616271414186521 0.00000000099999999996 0.00000000099999999996 0.06042884929420259260 0.00000000099999999996 0.13161384021653010912 0.04614012781423750681 0.29930101696088778906 
0.36335932490553835006 0.00000000099999999993 0.00000000099999999993 0.04081474764283114093 0.00000000099999999993 0.12274812697494501268 0.01366267726683168850 0.45941512020985364462 
0.17560845056819307519 0.00000000099999999994 0.00000000099999999994 0.02666708249043841031 0.00000000099999999994 0.18559010938813719216 0.03199711555424433057 0.58013723899898705927 
0.01191451125353510526 0.00000000099999999954 0.00000000099999999954 0.00000000099999999954 0.00000000099999999954 0.00000000099999999954 0.00000000099999999954 0.98808548274646501586 
0.40009228569929422559 0.00000000099999999994 0.00000000099999999994 0.05062393717714999686 0.00000000099999999994 0.16961781285158217258 0.02623110694497662529 0.35343485432699700555 
0.00000000099999999995 0.68220137611014097789 0.07143713767178588858 0.00000000099999999995 0.08026781346848591014 0.00023562475213632339 0.15065399984395497213 0.01520404615349617121 
0.00000000099999999935 0.00000000099999999935 0.99999999300000008695 0.00000000099999999935 0.00000000099999999935 0.00000000099999999935 0.00000000099999999935 0.00000000099999999935 
0.00000000099999999923 0.00000000099999999923 0.99999999300000008695 0.00000000099999999923 0.00000000099999999923 0.00000000099999999923 0.00000000099999999923 0.00000000099999999923 
0.00000000099999999923 0.00000000099999999923 0.99999999299999997593 0.00000000099999999923 0.00000000099999999923 0.00000000099999999923 0.00000000099999999923 0.00000000099999999923 
0.00000000099999999918 0.00000000099999999918 0.99999999300000008695 0.00000000099999999918 0.00000000099999999918 0.00000000099999999918 0.00000000099999999918 0.00000000099999999918 
0.00000000099999999924 0.00000000099999999924 0.99999999300000008695 0.00000000099999999924 0.00000000099999999924 0.00000000099999999924 0.00000000099999999924 0.00000000099999999924 
0.00000000099999999923 0.00000000099999999923 0.99999999300000008695 0.00000000099999999923 0.00000000099999999923 0.00000000099999999923 0.00000000099999999923 0.00000000099999999923 
0.00000000099999999935 0.00000000099999999935 0.99999999300000008695 0.00000000099999999935 0.00000000099999999935 0.00000000099999999935 0.00000000099999999935 0.00000000099999999935 
0.00000000099999999935 0.00000000099999999935 0.99999999300000008695 0.00000000099999999935 0.00000000099999999935 0.00000000099999999935 0.00000000099999999935 0.00000000099999999935 
0.00000000099999999935 0.00000000099999999935 0.99999999299999997593 0.00000000099999999935 0.00000000099999999935 0.00000000099999999935 0.00000000099999999935 0.00000000099999999935 
0.00000000099999999955 0.00000000099999999955 0.99999999300000008695 0.00000000099999999955 0.00000000099999999955 0.00000000099999999955 0.00000000099999999955 0.00000000099999999955 
0.00000000099999999986 0.00000000099999999986 0.94476297368584438718 0.05523702031415576169 0.00000000099999999986 0.00000000099999999986 0.00000000099999999986 0.00000000099999999986 
0.00000000099999999951 0.00000000099999999951 0.99999999299999997593 0.00000000099999999951 0.00000000099999999951 0.00000000099999999951 0.00000000099999999951 0.00000000099999999951 
0.00000000099999999997 0.00000000099999999997 0.36895516411653417332 0.06227762142453325406 0.40416674379139899687 0.02712322230540942236 0.13747724536212418966 0.00000000099999999997 
0.07028839633779981888 0.00000000099999999999 0.28202351352029836340 0.00000001309169607270 0.41909737787440570767 0.01497974495079772324 0.21361095222500228741 0.00000000099999999999 
0.02603518807714081187 0.00000000099999999998 0.37946694036814454520 0.00000000099999999998 0.39404523815234870909 0.00498213518394240076 0.19547049521842357889 0.00000000099999999998 
0.00000000099999999985 0.00000000099999999985 0.83229969834221295688 0.00000000099999999985 0.00000000099999999985 0.00000000099999999985 0.16770029565778693526 0.00000000099999999985 
0.04979555178894803230 0.00000000099999999992 0.00000000099999999992 0.72632882060704184735 0.10630594916849410436 0.04329076545279370025 0.00000000099999999992 0.07427890998272224099 
0.00000000099999999891 0.99999999300000008695 0.00000000099999999891 0.00000000099999999891 0.00000000099999999891 0.00000000099999999891 0.00000000099999999891 0.00000000099999999891 
0.00000000099999999901 0.99999999300000019797 0.00000000099999999901 0.00000000099999999901 0.00000000099999999901 0.00000000099999999901 0.00000000099999999901 0.00000000099999999901 
0.00000000099999999905 0.99999999300000019797 0.00000000099999999905 0.00000000099999999905 0.00000000099999999905 0.00000000099999999905 0.00000000099999999905 0.00000000099999999905 
0.00000000099999999925 0.99999999300000008695 0.00000000099999999925 0.00000000099999999925 0.00000000099999999925 0.00000000099999999925 0.00000000099999999925 0.00000000099999999925 
0.00000000099999999891 0.99999999300000008695 0.00000000099999999891 0.00000000099999999891 0.00000000099999999891 0.00000000099999999891 0.00000000099999999891 0.00000000099999999891 
0.00000000099999999973 0.93371544479371559877 0.00000019580860919200 0.00000000099999999973 0.00000000099999999973 0.00000000099999999973 0.06628435439767524362 0.00000000099999999973 
0.00000000099999999992 0.84735086514611679398 0.07288061436472578758 0.00000000099999999992 0.00000000099999999992 0.00000000099999999992 0.07976851548915744883 0.00000000099999999992 
0.00000000099999999985 0.89031496678482324736 0.00743941375668798113 0.00000000099999999985 0.00000000099999999985 0.00000000099999999985 0.10224561445848875940 0.00000000099999999985 
0.00000000099999999893 0.00000000099999999893 0.00000000099999999893 0.00000000099999999893 0.00000000099999999893 0.00000000099999999893 0.99999999299999997593 0.00000000099999999893 
0.00000000099999999893 0.00000000099999999893 0.00000000099999999893 0.00000000099999999893 0.00000000099999999893 0.00000000099999999893 0.99999999299999997593 0.00000000099999999893 
0.00000000099999999959 0.00000000099999999959 0.00000000099999999959 0.00000000099999999959 0.00000000099999999959 0.00000000099999999959 0.99999999299999986491 0.00000000099999999959 
0.00000000099999999938 0.00000000099999999938 0.00000000099999999938 0.00000000099999999938 0.00000000099999999938 0.00000000099999999938 0.99999999299999997593 0.00000000099999999938 
0.00000000099999999893 0.99999999300000008695 0.00000000099999999893 0.00000000099999999893 0.00000000099999999893 0.00000000099999999893 0.00000000099999999893 0.00000000099999999893 
0.00000000099999999904 0.99999999300000008695 0.00000000099999999904 0.00000000099999999904 0.00000000099999999904 0.00000000099999999904 0.00000000099999999904 0.00000000099999999904 
0.00000000099999999939 0.99999999300000008695 0.00000000099999999939 0.00000000099999999939 0.00000000099999999939 0.00000000099999999939 0.00000000099999999939 0.00000000099999999939 
0.00000000099999999933 0.00000000099999999933 0.99999999300000008695 0.00000000099999999933 0.00000000099999999933 0.00000000099999999933 0.00000000099999999933 0.00000000099999999933 
0.00000000099999999923 0.00000000099999999923 0.99999999299999997593 0.00000000099999999923 0.00000000099999999923 0.00000000099999999923 0.00000000099999999923 0.00000000099999999923 
0.00000000099999999920 0.00000000099999999920 0.99999999299999997593 0.00000000099999999920 0.00000000099999999920 0.00000000099999999920 0.00000000099999999920 0.00000000099999999920 
0.00000000099999999920 0.00000000099999999920 0.99999999299999997593 0.00000000099999999920 0.00000000099999999920 0.00000000099999999920 0.00000000099999999920 0.00000000099999999920 
0.00000000099999999886 0.00000000099999999886 0.00000000099999999886 0.99999999299999986491 0.00000000099999999886 0.00000000099999999886 0.00000000099999999886 0.00000000099999999886 
0.00000000099999999907 0.00000000099999999907 0.00000000099999999907 0.99999999300000008695 0.00000000099999999907 0.00000000099999999907 0.00000000099999999907 0.00000000099999999907 
0.00000000099999999891 0.00000000099999999891 0.00000000099999999891 0.99999999299999997593 0.00000000099999999891 0.00000000099999999891 0.00000000099999999891 0.00000000099999999891 
0.00000000099999999905 0.00000000099999999905 0.00000000099999999905 0.99999999299999997593 0.00000000099999999905 0.00000000099999999905 0.00000000099999999905 0.00000000099999999905 
0.00000000099999999886 0.00000000099999999886 0.00000000099999999886 0.99999999299999997593 0.00000000099999999886 0.00000000099999999886 0.00000000099999999886 0.00000000099999999886 
0.00000000099999999919 0.00000000099999999919 0.00000000099999999919 0.99999999299999997593 0.00000000099999999919 0.00000000099999999919 0.00000000099999999919 0.00000000099999999919 
0.00000000099999999992 0.00000000099999999992 0.00988355035317295752 0.00225455139475172614 0.93470109150804947529 0.00000000099999999992 0.05316080274402584793 0.00000000099999999992 
0.00000000099999999991 0.00000000099999999991 0.00000000099999999991 0.03832906455139160895 0.93136165562102968263 0.00000000099999999991 0.03030927482757859309 0.00000000099999999991 
0.00000000099999999992 0.00000000099999999992 0.00000000099999999992 0.00979705678925445016 0.93933406064222357834 0.00000000099999999992 0.05086887756852196546 0.00000000099999999992 
0.00000000099999999996 0.00007066170753017676 0.01806648448041055927 0.00264079677795144366 0.91568363625795490268 0.00000000099999999996 0.06353841777615278075 0.00000000099999999996 
0.00000000099999999996 0.01038146192198939263 0.00615481663969991068 0.00736090388720149046 0.93713816617851464219 0.00000000099999999996 0.03896464837259453612 0.00000000099999999996 
0.00000000099999999990 0.00000000099999999990 0.00000000099999999990 0.00000000099999999990 0.97944502618502138347 0.00000000099999999990 0.02055496781497854336 0.00000000099999999990 
0.00000000099999999995 0.00307699249049894763 0.01266496137819951746 0.02945218946112988789 0.85173109614912945187 0.00000000099999999995 0.10307475752104229560 0.00000000099999999995 
0.00000000099999999993 0.00000000099999999993 0.00000000099999999993 0.01617952201655129679 0.93353335622778199632 0.00000000099999999993 0.05028711675566682748 0.00000000099999999993 
0.00000000099999999993 0.00000000099999999993 0.00000000099999999993 0.02100937938799731300 0.91322067102008919193 0.00000000099999999993 0.06576994459191340403 0.00000000099999999993 
0.00000000099999999996 0.00274806916857774303 0.00000000099999999996 0.01190696177043130792 0.93318197022734217239 0.00000000099999999996 0.05216299483364874451 0.00000000099999999996 
0.00000000099999999995 0.00028416418708842819 0.00000000099999999995 0.00000027234094924613 0.93202523324111175018 0.00000000099999999995 0.06769032623085065314 0.00000000099999999995 
0.00411424105024970569 0.02019715685494843579 0.00000023641732653978 0.00902385745444340449 0.89506375905706336837 0.00000000099999999999 0.05880974861097796463 0.01279099955499054912 
0.00000000099999999996 0.01070590297529981812 0.00146545437369768753 0.01754063678778960966 0.90179508650941986314 0.00000000099999999996 0.06849291635379305132 0.00000000099999999996 
0.00000000099999999992 0.00000000099999999992 0.00000000099999999992 0.00174546101429375955 0.89374071155220680129 0.00000000099999999992 0.10451382243349949253 0.00000000099999999992 
0.00000000099999999988 0.00000000099999999988 0.00000000099999999988 0.02160175459852019253 0.97796104058977095796 0.00000000099999999988 0.00043719981170885669 0.00000000099999999988 
0.00000000099999999995 0.00000000099999999995 0.00000000099999999995 0.00826824594435015756 0.94676733768041942962 0.00000000099999999995 0.04496441137523042586 0.00000000099999999995 
0.00000000099999999991 0.00000000099999999991 0.00000000099999999991 0.02894742026106513974 0.96402602613720322910 0.00000000099999999991 0.00702654860173155312 0.00000000099999999991 
0.00000000099999999974 0.00000000099999999974 0.00000000099999999974 0.00000000099999999974 0.99999999300000008695 0.00000000099999999974 0.00000000099999999974 0.00000000099999999974 
0.00000000099999999979 0.00000000099999999979 0.00000000099999999979 0.00000000099999999979 0.99999999299999997593 0.00000000099999999979 0.00000000099999999979 0.00000000099999999979 
0.00000000099999999983 0.00000000099999999983 0.00000000099999999983 0.00000000099999999983 0.99999999300000008695 0.00000000099999999983 0.00000000099999999983 0.00000000099999999983 
0.00000000099999999984 0.00000000099999999984 0.00000000099999999984 0.00000000099999999984 0.99999999299999997593 0.00000000099999999984 0.00000000099999999984 0.00000000099999999984 
0.00000000099999999979 0.00000000099999999979 0.00000000099999999979 0.00000000099999999979 0.99999999300000008695 0.00000000099999999979 0.00000000099999999979 0.00000000099999999979 
0.00000000099999999980 0.00000000099999999980 0.00000000099999999980 0.00000000099999999980 0.99999999299999997593 0.00000000099999999980 0.00000000099999999980 0.00000000099999999980 
0.00624343179977133751 0.01549750499286448556 0.00666926145861356304 0.00000000099999999997 0.94617334949618814299 0.00000000099999999997 0.00643477231398641245 0.01898167793857596236 
0.00000000099999999988 0.00000000099999999988 0.00000000099999999988 0.00006331851919162745 0.99133080281862862027 0.00000000099999999988 0.00860587366217981792 0.00000000099999999988 
0.00000000099999999988 0.00000000099999999988 0.00000000099999999988 0.00000000099999999988 0.99999999300000008695 0.00000000099999999988 0.00000000099999999988 0.00000000099999999988 
0.00000000099999999989 0.00000000099999999989 0.00000000099999999989 0.00779402444587738198 0.99220596955412254658 0.00000000099999999989 0.00000000099999999989 0.00000000099999999989 
0.00000000099999999996 0.00000000099999999996 0.00000000099999999996 0.00000000099999999996 0.95309154507432825021 0.00000033943147282863 0.04689521558960259295 0.00001289590459640811 
0.00000000099999999984 0.00000000099999999984 0.00000000099999999984 0.00000000099999999984 0.99999999299999997593 0.00000000099999999984 0.00000000099999999984 0.00000000099999999984 
0.00000000099999999986 0.00000000099999999986 0.00000000099999999986 0.00000000099999999986 0.99999999300000008695 0.00000000099999999986 0.00000000099999999986 0.00000000099999999986 
0.00000000099999999987 0.00000000099999999987 0.00000000099999999987 0.00004956454755510797 0.97932312458008186073 0.00000000099999999987 0.02062730587236296861 0.00000000099999999987 
0.00000000099999999989 0.00000000099999999989 0.00000000099999999989 0.00601689653437665912 0.99398309746562329980 0.00000000099999999989 0.00000000099999999989 0.00000000099999999989 
0.00000000099999999986 0.00000000099999999986 0.00000000099999999986 0.00000000099999999986 0.99999999300000008695 0.00000000099999999986 0.00000000099999999986 0.00000000099999999986 
0.00000000099999999987 0.00000000099999999987 0.00000000099999999987 0.00000000099999999987 0.99999613931456732274 0.00000000099999999987 0.00000385468543283158 0.00000000099999999987 
0.00000000099999999987 0.00000000099999999987 0.00000000099999999987 0.00000000099999999987 0.99999999299999997593 0.00000000099999999987 0.00000000099999999987 0.00000000099999999987 
0.00000000099999999984 0.00000000099999999984 0.00000000099999999984 0.00000000099999999984 0.99999999300000008695 0.00000000099999999984 0.00000000099999999984 0.00000000099999999984 
0.00000000099999999987 0.00000000099999999987 0.00000000099999999987 0.00000000099999999987 0.99937781282054849452 0.00000000099999999987 0.00062218117945161738 0.00000000099999999987 
0.00000000099999999987 0.00000000099999999987 0.00000000099999999987 0.00000000099999999987 0.98376806351046508503 0.00000000099999999987 0.01623193048953483833 0.00000000099999999987 
