0.38162946945979070446 0.00000000099999999995 0.00000000099999999995 0.06339845526866785819 0.14369818163660355581 0.00000000099999999995 0.11371003261501511084 0.00000000099999999995 0.29756385701992282833 
0.48343358945453074327 0.00000000099999999994 0.02017708249509595972 0.00000000099999999994 0.18267163327066684997 0.00000000099999999994 0.05704120360902224102 0.00000000099999999994 0.25667648717068425324 
0.99999999200000011523 0.00000000099999999887 0.00000000099999999887 0.00000000099999999887 0.00000000099999999887 0.00000000099999999887 0.00000000099999999887 0.00000000099999999887 0.00000000099999999887 
0.99999999200000000421 0.00000000099999999887 0.00000000099999999887 0.00000000099999999887 0.00000000099999999887 0.00000000099999999887 0.00000000099999999887 0.00000000099999999887 0.00000000099999999887 
0.99999999200000022626 0.00000000099999999921 0.00000000099999999921 0.00000000099999999921 0.00000000099999999921 0.00000000099999999921 0.00000000099999999921 0.00000000099999999921 0.00000000099999999921 
0.41522692500678143324 0.00000000099999999996 0.00542829122021303533 0.05399569842979012879 0.17188794958352171527 0.00180934409984297596 0.05592109465566579007 0.00000000099999999996 0.29573069500418480704 
0.99999999200000011523 0.00000000099999999896 0.00000000099999999896 0.00000000099999999896 0.00000000099999999896 0.00000000099999999896 0.00000000099999999896 0.00000000099999999896 0.00000000099999999896 
0.99999999200000022626 0.00000000099999999925 0.00000000099999999925 0.00000000099999999925 0.00000000099999999925 0.00000000099999999925 0.00000000099999999925 0.00000000099999999925 0.00000000099999999925 
0.50415999508115871830 0.00000000099999999992 0.00000000099999999992 0.05387579838980940256 0.15729634170380321634 0.00000000099999999992 0.01808159245298152779 0.00000000099999999992 0.26658626837224708162 
0.52755855895811432088 0.00000000099999999988 0.00000000099999999988 0.01607513644325392690 0.16819361024164825036 0.00000000099999999988 0.01254606416289657210 0.00000000099999999988 0.27562662619408706544 
0.43024497084523827262 0.00000000099999999993 0.00000000099999999993 0.08454626147928349933 0.16846704854934793638 0.00000000099999999993 0.10040809884071505431 0.00000000099999999993 0.21633361628541536437 
0.44221805146880388548 0.00000000099999999993 0.00000000099999999993 0.07028672136649673219 0.10299744445225250677 0.00000000099999999993 0.04747550652923882009 0.00000000099999999993 0.33702227218320818247 
0.00000000099999999877 0.00000000099999999877 0.00000000099999999877 0.00000000099999999877 0.00000000099999999877 0.00000000099999999877 0.00000000099999999877 0.00000000099999999877 0.99999999199999989319 
0.00000000099999999878 0.00000000099999999878 0.00000000099999999878 0.00000000099999999878 0.00000000099999999878 0.00000000099999999878 0.00000000099999999878 0.00000000099999999878 0.99999999199999989319 
0.00000000099999999876 0.00000000099999999876 0.00000000099999999876 0.00000000099999999876 0.00000000099999999876 0.00000000099999999876 0.00000000099999999876 0.00000000099999999876 0.99999999199999989319 
0.00000000099999999900 0.00000000099999999900 0.00000000099999999900 0.00000000099999999900 0.00000000099999999900 0.00000000099999999900 0.00000000099999999900 0.00000000099999999900 0.99999999199999989319 
0.00000000099999999900 0.00000000099999999900 0.00000000099999999900 0.00000000099999999900 0.00000000099999999900 0.00000000099999999900 0.00000000099999999900 0.00000000099999999900 0.99999999200000000421 
0.00000000099999999900 0.00000000099999999900 0.00000000099999999900 0.00000000099999999900 0.00000000099999999900 0.00000000099999999900 0.00000000099999999900 0.00000000099999999900 0.99999999200000000421 
0.00000000099999999870 0.00000000099999999870 0.00000000099999999870 0.00000000099999999870 0.99999999200000000421 0.00000000099999999870 0.00000000099999999870 0.00000000099999999870 0.00000000099999999870 
0.00000000099999999864 0.00000000099999999864 0.00000000099999999864 0.00000000099999999864 0.99999999199999989319 0.00000000099999999864 0.00000000099999999864 0.00000000099999999864 0.00000000099999999864 
0.00000000099999999867 0.00000000099999999867 0.00000000099999999867 0.00000000099999999867 0.99999999199999989319 0.00000000099999999867 0.00000000099999999867 0.00000000099999999867 0.00000000099999999867 
0.00000000099999999867 0.00000000099999999867 0.00000000099999999867 0.00000000099999999867 0.99999999199999989319 0.00000000099999999867 0.00000000099999999867 0.00000000099999999867 0.00000000099999999867 
0.00000000099999999864 0.00000000099999999864 0.00000000099999999864 0.00000000099999999864 0.99999999200000000421 0.00000000099999999864 0.00000000099999999864 0.00000000099999999864 0.00000000099999999864 
0.00000000099999999878 0.00000000099999999878 0.00000000099999999878 0.00000000099999999878 0.00000000099999999878 0.00000000099999999878 0.00000000099999999878 0.00000000099999999878 0.99999999200000000421 
0.00000000099999999886 0.00000000099999999886 0.00000000099999999886 0.00000000099999999886 0.00000000099999999886 0.00000000099999999886 0.00000000099999999886 0.00000000099999999886 0.99999999199999989319 
0.00000000099999999890 0.00000000099999999890 0.00000000099999999890 0.00000000099999999890 0.00000000099999999890 0.00000000099999999890 0.00000000099999999890 0.00000000099999999890 0.99999999200000000421 
0.00000000099999999951 0.00000000099999999951 0.00000000099999999951 0.00000000099999999951 0.00000000099999999951 0.00000000099999999951 0.00000000099999999951 0.00000000099999999951 0.99999999199999989319 
0.00000000099999999920 0.00000000099999999920 0.00000000099999999920 0.00000000099999999920 0.00000000099999999920 0.00000000099999999920 0.00000000099999999920 0.00000000099999999920 0.99999999199999989319 
0.06971102620265201555 0.00000000099999999958 0.00000000099999999958 0.00000000099999999958 0.00000000099999999958 0.00000000099999999958 0.00000000099999999958 0.00000000099999999958 0.93028896679734796038 
0.14898085691476295467 0.00000000099999999973 0.00000000099999999973 0.00000000099999999973 0.00000000099999999973 0.00000000099999999973 0.00000000099999999973 0.00000000099999999973 0.85101913608523693799 
0.53921761563605974388 0.00000000099999999991 0.00000000099999999991 0.04266235202258097936 0.15606121448942031349 0.00000000099999999991 0.04051678334354553296 0.00000000099999999991 0.22154203050839368916 
0.61690578512560945157 0.00000000099999999989 0.00000000099999999989 0.02274546943772991561 0.09507195810672700031 0.00000000099999999989 0.05529051239362953174 0.00000000099999999989 0.20998627093630417573 
0.53268888604817132837 0.00000000099999999990 0.00000000099999999990 0.06726661169114216132 0.12772142176620365772 0.00000000099999999990 0.02109322575176326639 0.00000000099999999990 0.25122985074271986239 
0.42158870131316372731 0.00000000099999999994 0.00000000099999999994 0.08133726941501065455 0.10957485532169089493 0.00000000099999999994 0.08837513645151702513 0.00000000099999999994 0.29912403349861749202 
0.45143848044654272256 0.00000000099999999990 0.00000000099999999990 0.08487446935635484246 0.14052454852807227947 0.00000000099999999990 0.05882873108456056904 0.00000000099999999990 0.26433376658446972041 
0.39619465009183030269 0.00000000099999999993 0.00000000099999999993 0.03366013498806561671 0.13342668635852375503 0.05367733636473534520 0.03175713872781681102 0.00000000099999999993 0.35128405046902827502 
0.45996313510688657811 0.00054730389045278796 0.00000000099999999997 0.06982487910308042556 0.13980130305313215322 0.00000000099999999997 0.07748944314999356431 0.00000000099999999997 0.25237393269645452820 
0.58952345877688838716 0.00000000099999999990 0.00000000099999999990 0.00961972202303366768 0.13775596998476380417 0.00000000099999999990 0.02600392403092852134 0.00000000099999999990 0.23709692118438582820 
0.99999999200000022626 0.00000000099999999936 0.00000000099999999936 0.00000000099999999936 0.00000000099999999936 0.00000000099999999936 0.00000000099999999936 0.00000000099999999936 0.00000000099999999936 
0.49022140757001081424 0.00000000099999999987 0.00000000099999999987 0.00000000204975262328 0.09450963128004837011 0.00000000099999999987 0.09638933801411396496 0.00000000099999999987 0.31887961708607420741 
0.53895584771707827354 0.00000000099999999991 0.00000000099999999991 0.04098381034710613796 0.15009942618408564363 0.00000000099999999991 0.04963899798054705742 0.00000000099999999991 0.22032191377118298670 
0.55745678602217796360 0.00000000099999999994 0.00000000099999999994 0.06322917304144695660 0.10427498520787439884 0.00000000099999999994 0.04780430728980896576 0.00000000099999999994 0.22723474443869179362 
0.52396043310034012830 0.00000000099999999992 0.00000000099999999992 0.03295185561068175034 0.15260222178738105936 0.00014680480377378909 0.04167125064272660107 0.00000000099999999992 0.24866743105509664380 
0.51341006393008026265 0.00000000099999999996 0.00000000099999999996 0.06462042390413666459 0.17672007116793098103 0.00000000099999999996 0.06364163526475739852 0.00000000099999999996 0.18160780173309479246 
0.64273243448746886219 0.00000000099999999989 0.00000000099999999989 0.02126811938428375959 0.12868745991153426877 0.00000000099999999989 0.03195843046173463958 0.00000000099999999989 0.17535355175497863156 
0.67691213352029744321 0.00000000099999999988 0.00000000099999999988 0.01787698367042512768 0.05122263328369591751 0.00000000099999999988 0.01075709145461019658 0.00000000099999999988 0.24323115407097148366 
0.98624206047979590117 0.00000000099999999942 0.00000000099999999942 0.00000000099999999942 0.01375793252020425343 0.00000000099999999942 0.00000000099999999942 0.00000000099999999942 0.00000000099999999942 
0.53898051373312139134 0.00000000099999999991 0.00000000099999999991 0.04632611586815496563 0.14788755315633692056 0.00000000099999999991 0.04647084259669688466 0.00000000099999999991 0.22033497064568993706 
0.00000000099999999993 0.09932009179423373357 0.06756983366856830764 0.15076499259037848266 0.00000000099999999993 0.68228784614024196031 0.00000000099999999993 0.00000000099999999993 0.00005723180657765222 
0.00000000099999999925 0.00000000099999999925 0.99999999200000000421 0.00000000099999999925 0.00000000099999999925 0.00000000099999999925 0.00000000099999999925 0.00000000099999999925 0.00000000099999999925 
0.00000000099999999911 0.00000000099999999911 0.99999999200000011523 0.00000000099999999911 0.00000000099999999911 0.00000000099999999911 0.00000000099999999911 0.00000000099999999911 0.00000000099999999911 
0.00000000099999999910 0.00000000099999999910 0.99999999200000000421 0.00000000099999999910 0.00000000099999999910 0.00000000099999999910 0.00000000099999999910 0.00000000099999999910 0.00000000099999999910 
0.00000000099999999906 0.00000000099999999906 0.99999999200000011523 0.00000000099999999906 0.00000000099999999906 0.00000000099999999906 0.00000000099999999906 0.00000000099999999906 0.00000000099999999906 
0.00000000099999999911 0.00000000099999999911 0.99999999200000011523 0.00000000099999999911 0.00000000099999999911 0.00000000099999999911 0.00000000099999999911 0.00000000099999999911 0.00000000099999999911 
0.00000000099999999911 0.00000000099999999911 0.99999999200000000421 0.00000000099999999911 0.00000000099999999911 0.00000000099999999911 0.00000000099999999911 0.00000000099999999911 0.00000000099999999911 
0.00000000099999999925 0.00000000099999999925 0.99999999200000000421 0.00000000099999999925 0.00000000099999999925 0.00000000099999999925 0.00000000099999999925 0.00000000099999999925 0.00000000099999999925 
0.00000000099999999924 0.00000000099999999924 0.99999999200000000421 0.00000000099999999924 0.00000000099999999924 0.00000000099999999924 0.00000000099999999924 0.00000000099999999924 0.00000000099999999924 
0.00000000099999999924 0.00000000099999999924 0.99999999200000011523 0.00000000099999999924 0.00000000099999999924 0.00000000099999999924 0.00000000099999999924 0.00000000099999999924 0.00000000099999999924 
0.00000000099999999948 0.00000000099999999948 0.99999999200000011523 0.00000000099999999948 0.00000000099999999948 0.00000000099999999948 0.00000000099999999948 0.00000000099999999948 0.00000000099999999948 
0.00000000099999999983 0.00000000099999999983 0.94434373507360713784 0.00000000099999999983 0.00000000099999999983 0.00000000099999999983 0.05565625792639283809 0.00000000099999999983 0.00000000099999999983 
0.00000000099999999943 0.00000000099999999943 0.99999999200000000421 0.00000000099999999943 0.00000000099999999943 0.00000000099999999943 0.00000000099999999943 0.00000000099999999943 0.00000000099999999943 
0.00512996218478137950 0.41388656852147437393 0.35353385664315961634 0.14019301759083785397 0.00000000099999999997 0.00000000099999999997 0.05787444730443466745 0.00000026867610631171 0.02938187707920592723 
0.00257141762769065151 0.45150011043032689528 0.26730447119324673988 0.21342028350822001004 0.05745166247675575349 0.00000000099999999997 0.00000000099999999997 0.00000000099999999997 0.00775205176376013872 
0.00000000099999999996 0.42462456534923592733 0.35585943367456424058 0.19996904825773312298 0.01954391004463429393 0.00000000099999999996 0.00000000099999999996 0.00000000099999999996 0.00000303867383258062 
0.00000000099999999981 0.00000000099999999981 0.82402286061249929716 0.17597713238750056775 0.00000000099999999981 0.00000000099999999981 0.00000000099999999981 0.00000000099999999981 0.00000000099999999981 
0.09210342332723012171 0.12822153423466325917 0.00000000099999999990 0.00000000099999999990 0.00931364787815192746 0.00000000099999999990 0.71739605233190995026 0.00000000099999999990 0.05296533822804474351 
0.00000000099999999873 0.00000000099999999873 0.00000000099999999873 0.00000000099999999873 0.00000000099999999873 0.99999999200000000421 0.00000000099999999873 0.00000000099999999873 0.00000000099999999873 
0.00000000099999999884 0.00000000099999999884 0.00000000099999999884 0.00000000099999999884 0.00000000099999999884 0.99999999199999989319 0.00000000099999999884 0.00000000099999999884 0.00000000099999999884 
0.00000000099999999889 0.00000000099999999889 0.00000000099999999889 0.00000000099999999889 0.00000000099999999889 0.99999999199999989319 0.00000000099999999889 0.00000000099999999889 0.00000000099999999889 
0.00000000099999999912 0.00000000099999999912 0.00000000099999999912 0.00000000099999999912 0.00000000099999999912 0.99999999200000011523 0.00000000099999999912 0.00000000099999999912 0.00000000099999999912 
0.00000000099999999873 0.00000000099999999873 0.00000000099999999873 0.00000000099999999873 0.00000000099999999873 0.99999999200000000421 0.00000000099999999873 0.00000000099999999873 0.00000000099999999873 
0.00000000099999999966 0.00000000099999999966 0.00000000176136728062 0.06845827712295377010 0.00000000099999999966 0.93154171511567906983 0.00000000099999999966 0.00000000099999999966 0.00000000099999999966 
0.00000000099999999989 0.00825524077174505377 0.06779278707530253523 0.07901498880732604757 0.00000000099999999989 0.84493697834562631055 0.00000000099999999989 0.00000000099999999989 0.00000000099999999989 
0.00000000099999999981 0.00000000099999999981 0.00420638058168763904 0.10619605713825953919 0.00000000099999999981 0.88959755628005299233 0.00000000099999999981 0.00000000099999999981 0.00000000099999999981 
0.00000000099999999876 0.00000000099999999876 0.00000000099999999876 0.99999999199999989319 0.00000000099999999876 0.00000000099999999876 0.00000000099999999876 0.00000000099999999876 0.00000000099999999876 
0.00000000099999999876 0.00000000099999999876 0.00000000099999999876 0.99999999200000000421 0.00000000099999999876 0.00000000099999999876 0.00000000099999999876 0.00000000099999999876 0.00000000099999999876 
0.00000000099999999950 0.00000000099999999950 0.00000000099999999950 0.99999999200000000421 0.00000000099999999950 0.00000000099999999950 0.00000000099999999950 0.00000000099999999950 0.00000000099999999950 
0.00000000099999999928 0.00000000099999999928 0.00000000099999999928 0.99999999200000000421 0.00000000099999999928 0.00000000099999999928 0.00000000099999999928 0.00000000099999999928 0.00000000099999999928 
0.00000000099999999876 0.00000000099999999876 0.00000000099999999876 0.00000000099999999876 0.00000000099999999876 0.99999999200000000421 0.00000000099999999876 0.00000000099999999876 0.00000000099999999876 
0.00000000099999999888 0.00000000099999999888 0.00000000099999999888 0.00000000099999999888 0.00000000099999999888 0.99999999200000000421 0.00000000099999999888 0.00000000099999999888 0.00000000099999999888 
0.00000000099999999929 0.00000000099999999929 0.00000000099999999929 0.00000000099999999929 0.00000000099999999929 0.99999999200000011523 0.00000000099999999929 0.00000000099999999929 0.00000000099999999929 
0.00000000099999999922 0.00000000099999999922 0.99999999200000011523 0.00000000099999999922 0.00000000099999999922 0.00000000099999999922 0.00000000099999999922 0.00000000099999999922 0.00000000099999999922 
0.00000000099999999910 0.00000000099999999910 0.99999999200000000421 0.00000000099999999910 0.00000000099999999910 0.00000000099999999910 0.00000000099999999910 0.00000000099999999910 0.00000000099999999910 
0.00000000099999999906 0.00000000099999999906 0.99999999200000000421 0.00000000099999999906 0.00000000099999999906 0.00000000099999999906 0.00000000099999999906 0.00000000099999999906 0.00000000099999999906 
0.00000000099999999907 0.00000000099999999907 0.99999999200000000421 0.00000000099999999907 0.00000000099999999907 0.00000000099999999907 0.00000000099999999907 0.00000000099999999907 0.00000000099999999907 
0.00000000099999999869 0.00000000099999999869 0.00000000099999999869 0.00000000099999999869 0.00000000099999999869 0.00000000099999999869 0.99999999199999989319 0.00000000099999999869 0.00000000099999999869 
0.00000000099999999893 0.00000000099999999893 0.00000000099999999893 0.00000000099999999893 0.00000000099999999893 0.00000000099999999893 0.99999999199999989319 0.00000000099999999893 0.00000000099999999893 
0.00000000099999999875 0.00000000099999999875 0.00000000099999999875 0.00000000099999999875 0.00000000099999999875 0.00000000099999999875 0.99999999199999989319 0.00000000099999999875 0.00000000099999999875 
0.00000000099999999892 0.00000000099999999892 0.00000000099999999892 0.00000000099999999892 0.00000000099999999892 0.00000000099999999892 0.99999999199999978217 0.00000000099999999892 0.00000000099999999892 
0.00000000099999999869 0.00000000099999999869 0.00000000099999999869 0.00000000099999999869 0.00000000099999999869 0.00000000099999999869 0.99999999199999978217 0.00000000099999999869 0.00000000099999999869 
0.00000000099999999907 0.00000000099999999907 0.00000000099999999907 0.00000000099999999907 0.00000000099999999907 0.00000000099999999907 0.99999999199999989319 0.00000000099999999907 0.00000000099999999907 
0.00000000099999999992 0.39231237875244684421 0.00039900397498916936 0.03749279112722598423 0.00000000099999999992 0.00000000099999999992 0.00000000099999999992 0.56979582114533788850 0.00000000099999999992 
0.00000000099999999991 0.47552814921955344207 0.00000000099999999991 0.01241253854287445446 0.00000000099999999991 0.00000000099999999991 0.03513336727145897898 0.47692593996611304386 0.00000000099999999991 
0.00000000099999999990 0.26342160566502026420 0.00000000099999999990 0.02267752641954779227 0.00000000099999999990 0.00000000099999999990 0.00147483977641456841 0.71242602313901715050 0.00000000099999999990 
0.00000000099999999990 0.00000008506384530769 0.00000000099999999990 0.02825156333351090329 0.00000000099999999990 0.00000000099999999990 0.00000000099999999990 0.97174834560264378158 0.00000000099999999990 
0.00000000099999999991 0.05702847472698926307 0.00000000099999999991 0.00000405464195044220 0.00000000099999999991 0.00000000099999999991 0.00000000099999999991 0.94296746463106029257 0.00000000099999999991 
0.00000000099999999989 0.53777744485264900032 0.00000000099999999989 0.00013738487860825426 0.00000000099999999989 0.00000000099999999989 0.00000000099999999989 0.46208516426874268745 0.00000000099999999989 
0.00000000099999999995 0.36489267985200679600 0.00457369880182994203 0.09612180512123735809 0.00000000099999999995 0.00002594906477070272 0.02609947040366094456 0.50828639375649420362 0.00000000099999999995 
0.00000000099999999985 0.00000000099999999985 0.00000000099999999985 0.00000000099999999985 0.00000000099999999985 0.00000000099999999985 0.00000000099999999985 0.99999999200000000421 0.00000000099999999985 
0.00000000099999999990 0.13875989444720210342 0.00000000099999999990 0.02450022891225604738 0.00000000099999999990 0.00000000099999999990 0.00031537894217967738 0.83642449269836216530 0.00000000099999999990 
0.00000000099999999991 0.07958089099382258114 0.00000000099999999991 0.01143570393527531051 0.00000000099999999991 0.00000000099999999991 0.00000000099999999991 0.90898339907090208722 0.00000000099999999991 
0.00000000099999999986 0.00000000099999999986 0.00000000099999999986 0.00998571270163863510 0.00000000099999999986 0.00000000099999999986 0.00000000099999999986 0.99001428029836135991 0.00000000099999999986 
0.00000000099999999991 0.00000000099999999991 0.00000000099999999991 0.03093813384996569466 0.00000000099999999991 0.00000000099999999991 0.00000000099999999991 0.96906185915003428821 0.00000000099999999991 
0.00000000099999999993 0.09683450786567705804 0.00000000099999999993 0.04347287408979874646 0.00000000099999999993 0.00000000241892290014 0.00000019322758297345 0.85969241839801824323 0.00000000099999999993 
0.00000000099999999991 0.33023342630470509107 0.00000000099999999991 0.08571741238237876037 0.00000000099999999991 0.00000000099999999991 0.00000000099999999991 0.58404915531291601294 0.00000000099999999991 
0.00000000099999999986 0.52341563227312226658 0.00000000099999999986 0.00000000099999999986 0.00000000099999999986 0.00000000099999999986 0.01915669126322477531 0.45742767046365301331 0.00000000099999999986 
0.00000000099999999987 0.00000015787089256957 0.00000000099999999987 0.00000000099999999987 0.00000000099999999987 0.00000000099999999987 0.00000000099999999987 0.99999983512910728400 0.00000000099999999987 
0.00000000099999999990 0.50844021133630568077 0.00000000099999999990 0.00000000099999999990 0.00000000099999999990 0.00000000099999999990 0.02545839118687721891 0.46610139147681717287 0.00000000099999999990 
0.00000000099999999958 0.99999999200000011523 0.00000000099999999958 0.00000000099999999958 0.00000000099999999958 0.00000000099999999958 0.00000000099999999958 0.00000000099999999958 0.00000000099999999958 
0.00000000099999999966 0.99999999200000011523 0.00000000099999999966 0.00000000099999999966 0.00000000099999999966 0.00000000099999999966 0.00000000099999999966 0.00000000099999999966 0.00000000099999999966 
0.00000000099999999973 0.99999999200000022626 0.00000000099999999973 0.00000000099999999973 0.00000000099999999973 0.00000000099999999973 0.00000000099999999973 0.00000000099999999973 0.00000000099999999973 
0.00000000099999999967 0.99999999200000011523 0.00000000099999999967 0.00000000099999999967 0.00000000099999999967 0.00000000099999999967 0.00000000099999999967 0.00000000099999999967 0.00000000099999999967 
0.00000000099999999963 0.99999999200000022626 0.00000000099999999963 0.00000000099999999963 0.00000000099999999963 0.00000000099999999963 0.00000000099999999963 0.00000000099999999963 0.00000000099999999963 
0.00000000099999999979 0.76768774131010364403 0.00000000099999999979 0.00000000099999999979 0.00000000099999999979 0.00000000099999999979 0.00000000099999999979 0.23231225168989647067 0.00000000099999999979 
0.00000000099999999994 0.34535737570110819350 0.00000000099999999994 0.00000000099999999994 0.00000000099999999994 0.00000000099999999994 0.00000000099999999994 0.65464261729889161590 0.00000000099999999994 
0.00000000099999999988 0.74465361904345228616 0.00000000099999999988 0.01127282895599621138 0.00000000099999999988 0.00000000099999999988 0.00001236502503839341 0.24406118197551307514 0.00000000099999999988 
0.00000000099999999982 0.30679072660466816247 0.00000000099999999982 0.00000000099999999982 0.00000000099999999982 0.00000000099999999982 0.00000000099999999982 0.69320926639533153590 0.00000000099999999982 
0.00000000099999999982 0.31484404251976272349 0.00000000099999999982 0.00000000099999999982 0.00000000099999999982 0.00000000099999999982 0.00000000099999999982 0.68515595048023703040 0.00000000099999999982 
0.00000000099999999994 0.41687884785457901549 0.00000000099999999994 0.02500009658837921631 0.00000000099999999994 0.00000000099999999994 0.00000000099999999994 0.55812104955704144871 0.00000000099999999994 
0.00000000099999999982 0.87174053374526605520 0.00000000099999999982 0.00000000099999999982 0.00000000099999999982 0.00000000099999999982 0.00000000099999999982 0.12825945925473405951 0.00000000099999999982 
0.00000000099999999983 0.58180352580976513188 0.00000000099999999983 0.00000000099999999983 0.00000000099999999983 0.00000000099999999983 0.00000000099999999983 0.41819646719023501058 0.00000000099999999983 
0.00000000099999999987 0.70979167368897722046 0.00000000099999999987 0.01565106066505940821 0.00000000099999999987 0.00000000099999999987 0.00000000122708986639 0.27455725941887343389 0.00000000099999999987 
0.00000000099999999980 0.21712431648756758129 0.00000000099999999980 0.00000000099999999980 0.00000000099999999980 0.00000000099999999980 0.00000000099999999980 0.78287567651243250566 0.00000000099999999980 
0.00000000099999999986 0.71748855708103198570 0.00000000099999999986 0.00000000099999999986 0.00000000099999999986 0.00000000099999999986 0.00000000099999999986 0.28251143591896821228 0.00000000099999999986 
0.00000000099999999986 0.71802657434515781976 0.00000000099999999986 0.00000722912989985242 0.00000000099999999986 0.00000000099999999986 0.00000000099999999986 0.28196619052494248381 0.00000000099999999986 
0.00000000099999999987 0.67310043604116542859 0.00000000099999999987 0.00000000099999999987 0.00000000099999999987 0.00000000099999999987 0.00000000099999999987 0.32689955695883465836 0.00000000099999999987 
0.00000000099999999974 0.99999999200000022626 0.00000000099999999974 0.00000000099999999974 0.00000000099999999974 0.00000000099999999974 0.00000000099999999974 0.00000000099999999974 0.00000000099999999974 
0.00000000099999999987 0.82361673885760322555 0.00000000099999999987 0.01777180081363995134 0.00000000099999999987 0.00000000099999999987 0.00000000099999999987 0.15861145432875706218 0.00000000099999999987 
0.00000000099999999984 0.96791983906594969422 0.00000000099999999984 0.03208015393405049681 0.00000000099999999984 0.00000000099999999984 0.00000000099999999984 0.00000000099999999984 0.00000000099999999984 
